 Iter | Train MDP | Test MDP | Best (on Train) | Episodes so far 
  0 -426.01 -707.43 -100000000.00 400    400 
  1 -386.35 -756.94 -426.01 400    800 
  2 -359.15 -999.09 -386.35 400   1200 
  3 -294.58 -716.33 -359.15 400   1600 
  4 -320.71 -685.62 -294.58 400   2000 
  5 -346.77 -484.63 -294.58 400   2400 
  6 -317.06 -799.98 -294.58 400   2800 
  7 -237.54 -949.11 -294.58 400   3200 
  8 -340.67 -825.20 -237.54 400   3600 
  9 -319.54 -564.76 -237.54 400   4000 
 10 -426.44 -661.00 -237.54 400   4400 
 11 -357.81 -591.57 -237.54 400   4800 
 12 -324.27 -569.65 -237.54 400   5200 
 13 -324.63 -441.77 -237.54 400   5600 
 14 -289.72 -480.38 -237.54 400   6000 
 15 -305.06 -630.34 -237.54 400   6400 
 16 -332.23 -425.00 -237.54 400   6800 
 17 -277.87 -432.91 -237.54 400   7200 
 18 -301.32 -475.96 -237.54 400   7600 
 19 -340.49 -243.55 -237.54 400   8000 
 20 -247.30 -576.28 -237.54 400   8400 
 21 -245.86 -327.69 -237.54 400   8800 
 22 -329.44 -375.46 -237.54 400   9200 
 23 -258.39 -463.86 -237.54 400   9600 
 24 -203.67 -493.04 -237.54 400  10000 
 25 -229.69 -465.06 -203.67 400  10400 
 26 -204.77 -370.20 -203.67 400  10800 
 27 -216.31 -335.22 -203.67 400  11200 
 28 -192.95 -296.22 -203.67 400  11600 
 29 -243.52 -762.93 -192.95 400  12000 
 30 -237.20 -425.86 -192.95 400  12400 
 31 -217.35 -521.03 -192.95 400  12800 
 32 -175.90 -511.35 -192.95 400  13200 
 33 -215.03 -440.42 -175.90 400  13600 
 34 -208.90 -425.51 -175.90 400  14000 
 35 -272.31 -329.82 -175.90 400  14400 
 36 -235.54 -459.87 -175.90 400  14800 
 37 -276.51 -446.60 -175.90 400  15200 
 38 -221.35 -390.49 -175.90 400  15600 
 39 -237.28 -401.10 -175.90 400  16000 
 40 -178.49 -328.55 -175.90 400  16400 
 41 -241.14 -338.94 -175.90 400  16800 
 42 -188.01 -245.35 -175.90 400  17200 
 43 -184.94 -313.52 -175.90 400  17600 
 44 -173.73 -429.38 -175.90 400  18000 
 45 -143.36 -218.24 -173.73 400  18400 
 46 -191.34 -385.45 -143.36 400  18800 
 47 -219.20 -293.25 -143.36 400  19200 
 48 -196.62 -383.92 -143.36 400  19600 
 49 -143.72 -332.03 -143.36 400  20000 
 50 -168.01 -290.74 -143.36 400  20400 
 51 -174.07 -367.87 -143.36 400  20800 
 52 -167.08 -292.54 -143.36 400  21200 
 53 -161.77 -255.49 -143.36 400  21600 
 54 -121.82 -266.68 -143.36 400  22000 
 55 -154.15 -150.50 -121.82 400  22400 
 56 -177.54 -264.06 -121.82 400  22800 
 57 -146.34 -261.25 -121.82 400  23200 
 58 -132.09 -305.36 -121.82 400  23600 
 59 -118.89 -304.52 -121.82 400  24000 
 60 -150.81 -317.94 -118.89 400  24400 
 61 -158.84 -321.38 -118.89 400  24800 
 62 -148.69 -262.74 -118.89 400  25200 
 63 -165.68 -217.08 -118.89 400  25600 
 64 -154.16 -288.55 -118.89 400  26000 
 65 -157.76 -318.85 -118.89 400  26400 
 66 -145.42 -247.12 -118.89 400  26800 
 67 -139.07 -308.03 -118.89 400  27200 
 68 -131.69 -230.93 -118.89 400  27600 
 69 -167.96 -305.07 -118.89 400  28000 
 70 -129.15 -274.02 -118.89 400  28400 
 71 -144.68 -412.42 -118.89 400  28800 
 72 -162.28 -192.63 -118.89 400  29200 
 73 -136.15 -195.09 -118.89 400  29600 
 74 -119.91 -270.40 -118.89 400  30000 
 75 -130.81 -247.38 -118.89 400  30400 
 76 -126.56 -193.08 -118.89 400  30800 
 77 -131.15 -152.37 -118.89 400  31200 
 78 -122.39 -182.58 -118.89 400  31600 
 79 -119.98 -233.78 -118.89 400  32000 
 80 -116.78 -159.32 -118.89 400  32400 
 81 -119.37 -263.86 -116.78 400  32800 
 82 -137.49 -234.52 -116.78 400  33200 
 83 -118.20 -362.40 -116.78 400  33600 
 84 -142.66 -288.09 -116.78 400  34000 
 85 -139.80 -220.70 -116.78 400  34400 
 86 -137.80 -223.23 -116.78 400  34800 
 87 -141.89 -298.75 -116.78 400  35200 
 88 -119.76 -266.07 -116.78 400  35600 
 89 -103.77 -205.09 -116.78 400  36000 
 90 -122.16 -244.68 -103.77 400  36400 
 91 -116.82 -198.84 -103.77 400  36800 
 92 -122.81 -113.34 -103.77 400  37200 
 93 -96.60 -190.38 -103.77 400  37600 
 94 -97.94 -228.85 -96.60 400  38000 
 95 -143.20 -213.59 -96.60 400  38400 
 96 -155.46 -189.02 -96.60 400  38800 
 97 -119.71 -169.22 -96.60 400  39200 
 98 -109.01 -205.54 -96.60 400  39600 
 99 -89.54 -221.75 -96.60 400  40000 
100 -101.12 -141.83 -89.54 400  40400 
