-426.009 1019.324 -5462.390 -28.997 -426.009 400.000
-386.353 980.404 -5316.509 -37.131 -386.353 400.000
-359.145 901.889 -5224.490 -40.997 -359.145 400.000
-294.581 692.831 -5233.010 -27.409 -294.581 400.000
-320.712 818.753 -5090.275 -29.327 -320.712 400.000
-346.770 886.422 -5203.190 -27.933 -346.770 400.000
-317.060 777.668 -5125.159 -29.650 -317.060 400.000
-237.538 585.694 -4938.410 -28.869 -237.538 400.000
-340.673 876.736 -4964.080 -25.222 -340.673 400.000
-319.538 830.069 -4994.556 -22.562 -319.538 400.000
-426.435 1071.412 -4917.223 -31.380 -426.435 400.000
-357.808 879.189 -4799.192 -21.393 -357.808 400.000
-324.274 826.500 -4839.455 -36.545 -324.274 400.000
-324.626 842.704 -4915.974 -32.400 -324.626 400.000
-289.721 743.086 -4881.760 -24.590 -289.721 400.000
-305.061 793.167 -4718.355 -27.978 -305.061 400.000
-332.230 874.409 -4696.594 -25.690 -332.230 400.000
-277.872 733.550 -4667.417 -26.148 -277.872 400.000
-301.320 798.718 -4661.709 -31.029 -301.320 400.000
-340.490 919.775 -4716.899 -17.556 -340.490 400.000
-247.303 636.644 -4576.485 -25.453 -247.303 400.000
-245.860 638.567 -4584.392 -30.829 -245.860 400.000
-329.437 857.537 -4561.213 -31.248 -329.437 400.000
-258.385 672.242 -4540.811 -31.650 -258.385 400.000
-203.675 528.595 -4505.074 -20.806 -203.675 400.000
-229.687 626.820 -4489.545 -27.807 -229.687 400.000
-204.772 535.605 -4502.704 -19.874 -204.772 400.000
-216.313 522.199 -4459.478 -27.672 -216.313 400.000
-192.951 440.334 -4376.717 -23.129 -192.951 400.000
-243.522 688.456 -4539.164 -15.570 -243.522 400.000
-237.197 671.849 -4523.442 -15.578 -237.197 400.000
-217.352 568.931 -4478.139 -22.752 -217.352 400.000
-175.902 428.418 -4379.770 -23.201 -175.902 400.000
-215.034 589.023 -4444.095 -29.747 -215.034 400.000
-208.897 574.587 -4402.059 -15.499 -208.897 400.000
-272.315 746.088 -4491.023 -27.198 -272.315 400.000
-235.537 665.616 -4434.370 -26.536 -235.537 400.000
-276.511 767.668 -4528.671 -12.066 -276.511 400.000
-221.353 625.218 -4425.670 -24.753 -221.353 400.000
-237.275 665.510 -4371.027 -12.648 -237.275 400.000
-178.490 469.024 -4359.818 -22.195 -178.490 400.000
-241.141 679.078 -4392.685 -25.140 -241.141 400.000
-188.006 514.839 -4405.725 -16.818 -188.006 400.000
-184.943 465.264 -4527.232 -15.068 -184.943 400.000
-173.727 441.919 -4369.105 -25.935 -173.727 400.000
-143.357 314.090 -4422.630 -20.162 -143.357 400.000
-191.338 546.881 -4338.134 -20.709 -191.338 400.000
-219.198 604.868 -4343.379 -30.685 -219.198 400.000
-196.625 545.357 -4386.453 -16.248 -196.625 400.000
-143.720 367.904 -4345.035 -18.893 -143.720 400.000
-168.013 469.290 -4365.900 -17.540 -168.013 400.000
-174.068 484.807 -4256.842 -21.002 -174.068 400.000
-167.075 473.716 -4450.393 -24.696 -167.075 400.000
-161.773 438.431 -4334.089 -25.721 -161.773 400.000
-121.815 220.427 -4183.046 -28.888 -121.815 400.000
-154.149 434.281 -4187.536 -24.843 -154.149 400.000
-177.538 523.062 -4270.691 -26.992 -177.538 400.000
-146.340 374.052 -4270.773 -28.114 -146.340 400.000
-132.091 328.535 -4115.429 -18.248 -132.091 400.000
-118.893 223.788 -4189.117 -22.837 -118.893 400.000
-150.806 398.671 -4171.553 -22.450 -150.806 400.000
-158.838 466.696 -4246.983 -13.570 -158.838 400.000
-148.689 394.374 -4212.848 -25.525 -148.689 400.000
-165.684 469.515 -4077.801 -17.758 -165.684 400.000
-154.163 446.694 -4195.199 -19.533 -154.163 400.000
-157.759 444.893 -4089.068 -19.624 -157.759 400.000
-145.422 419.386 -4050.703 -20.465 -145.422 400.000
-139.070 370.728 -4017.123 -13.917 -139.070 400.000
-131.691 343.273 -4050.324 -21.309 -131.691 400.000
-167.960 485.905 -4032.097 -22.435 -167.960 400.000
-129.155 332.421 -3841.931 -20.316 -129.155 400.000
-144.684 426.268 -3997.276 -21.489 -144.684 400.000
-162.282 445.975 -4056.207 -22.594 -162.282 400.000
-136.149 366.881 -4037.583 -15.161 -136.149 400.000
-119.906 282.323 -3942.580 -20.458 -119.906 400.000
-130.809 353.017 -3944.266 -25.848 -130.809 400.000
-126.563 356.693 -4059.282 -17.223 -126.563 400.000
-131.151 314.340 -4038.409 -11.652 -131.151 400.000
-122.385 307.768 -4066.695 -19.489 -122.385 400.000
-119.978 316.465 -4026.270 -17.736 -119.978 400.000
-116.776 321.458 -3809.369 -17.028 -116.776 400.000
-119.375 302.002 -3919.568 -9.201 -119.375 400.000
-137.487 373.472 -3815.968 -16.339 -137.487 400.000
-118.198 283.283 -3903.003 -12.392 -118.198 400.000
-142.655 392.174 -3893.816 -18.351 -142.655 400.000
-139.799 395.238 -4056.209 -15.882 -139.799 400.000
-137.797 384.889 -4002.953 -12.477 -137.797 400.000
-141.891 414.312 -3929.079 -15.421 -141.891 400.000
-119.756 315.762 -3939.492 -17.670 -119.756 400.000
-103.775 199.694 -3761.256 -11.324 -103.775 400.000
-122.163 332.633 -3952.956 -19.139 -122.163 400.000
-116.821 285.471 -3807.147 -15.230 -116.821 400.000
-122.807 336.937 -3908.103 -15.008 -122.807 400.000
-96.597 198.607 -3797.836 -18.841 -96.597 400.000
-97.940 212.153 -4060.370 -15.240 -97.940 400.000
-143.197 424.959 -3838.816 -18.548 -143.197 400.000
-155.461 471.795 -4062.407 -23.963 -155.461 400.000
-119.708 332.212 -3996.824 -11.176 -119.708 400.000
-109.007 288.101 -3797.028 -20.264 -109.007 400.000
-89.537 102.996 -1859.073 -13.508 -89.537 400.000
-101.122 264.893 -3809.773 -16.308 -101.122 400.000
