-496.006 -370.368 -236.469 -170.178 -120.377 -74.136 -65.774
-403.649 -349.764 -216.567 -159.724 -113.703 -75.925 -69.664
-408.967 -346.536 -220.810 -151.478 -113.834 -74.562 -65.910
-374.087 -326.452 -226.835 -158.846 -114.406 -72.028 -62.957
-362.842 -306.118 -211.088 -145.283 -108.290 -69.179 -60.681
-368.120 -330.676 -207.473 -152.937 -108.543 -73.874 -64.552
-413.116 -314.988 -208.721 -150.996 -107.471 -70.295 -59.730
-331.063 -264.016 -179.413 -135.500 -97.398 -66.834 -57.394
-374.003 -291.136 -188.655 -135.629 -98.224 -65.169 -59.251
-372.162 -293.869 -185.050 -132.366 -93.186 -64.107 -55.282
-407.718 -308.293 -193.356 -136.206 -96.686 -68.994 -60.617
-426.487 -335.020 -198.120 -150.913 -106.438 -67.089 -61.746
-414.706 -310.396 -185.359 -128.722 -92.056 -62.151 -55.758
-349.865 -288.144 -183.489 -132.486 -107.667 -69.156 -59.407
-332.658 -278.466 -175.412 -126.514 -91.468 -61.073 -55.448
-370.174 -284.821 -175.893 -125.515 -91.734 -65.602 -58.379
-358.342 -281.885 -170.907 -121.674 -90.495 -64.952 -58.871
-324.661 -281.077 -166.043 -117.763 -87.615 -62.043 -55.350
-314.749 -260.623 -167.526 -117.806 -85.652 -59.449 -50.854
-323.754 -257.724 -161.996 -119.967 -88.263 -60.313 -54.823
-317.324 -250.983 -157.080 -114.348 -87.850 -59.265 -55.032
-327.713 -262.338 -165.918 -107.954 -80.560 -57.297 -50.039
-357.349 -276.835 -161.654 -110.399 -85.636 -61.120 -54.987
-311.060 -260.679 -173.585 -123.509 -92.810 -62.529 -55.518
-276.891 -235.998 -163.371 -107.912 -75.970 -55.516 -49.711
-283.537 -244.909 -147.261 -110.383 -82.926 -59.275 -55.983
-274.575 -235.065 -160.582 -114.184 -79.457 -54.155 -48.948
-295.035 -246.735 -161.554 -108.709 -81.916 -56.697 -51.311
-308.332 -241.520 -159.989 -112.469 -85.290 -56.010 -49.527
-292.412 -222.585 -136.701 -100.182 -75.618 -54.217 -48.952
-279.070 -218.500 -149.932 -104.026 -77.436 -55.203 -48.205
-278.351 -237.505 -153.904 -114.740 -86.873 -60.076 -52.733
-280.499 -229.255 -147.049 -106.761 -75.625 -51.938 -49.423
-258.348 -217.864 -144.667 -98.068 -71.023 -54.242 -49.915
-263.031 -224.899 -133.976 -93.089 -74.390 -54.710 -50.180
-293.382 -246.021 -145.790 -102.554 -77.758 -57.531 -50.479
-272.433 -218.149 -139.544 -98.282 -75.551 -51.610 -46.935
-282.155 -225.223 -146.661 -105.983 -77.485 -53.604 -49.963
-263.187 -211.002 -146.408 -101.783 -77.659 -55.097 -49.541
-258.868 -225.999 -139.199 -99.453 -74.975 -54.575 -49.699
-259.040 -203.190 -132.474 -98.402 -73.640 -55.984 -50.045
-258.038 -221.471 -134.277 -95.181 -73.149 -51.205 -46.588
-266.141 -219.658 -136.328 -89.238 -70.369 -53.488 -50.068
-277.282 -225.384 -143.739 -103.075 -77.088 -55.057 -50.250
-250.849 -208.995 -128.302 -91.634 -68.558 -51.543 -48.255
-236.196 -196.910 -129.472 -87.643 -69.771 -51.773 -46.454
-238.489 -203.084 -123.677 -92.950 -70.626 -51.719 -45.617
-267.211 -210.671 -141.064 -92.293 -67.711 -51.875 -47.384
-239.821 -205.880 -128.064 -93.762 -69.276 -52.009 -47.725
-205.927 -181.403 -119.379 -87.535 -66.957 -51.020 -48.136
-205.294 -185.706 -115.025 -86.887 -64.146 -48.393 -44.089
-236.936 -199.651 -128.820 -89.471 -69.903 -50.810 -45.421
-223.074 -185.116 -121.932 -82.830 -65.267 -50.743 -47.513
-224.038 -182.236 -116.888 -86.494 -63.370 -48.377 -45.590
-216.960 -183.075 -114.708 -85.275 -66.229 -49.653 -44.936
-204.894 -179.050 -116.058 -85.624 -64.664 -47.749 -43.051
-226.761 -176.890 -107.557 -80.222 -63.801 -48.616 -44.316
-223.298 -183.363 -109.635 -77.966 -60.978 -48.153 -42.666
-210.400 -170.207 -118.329 -81.279 -62.532 -46.744 -41.603
-203.177 -179.454 -109.217 -79.489 -62.823 -47.520 -43.359
-214.868 -179.073 -115.397 -85.809 -66.866 -50.730 -45.907
-206.413 -170.131 -109.621 -79.327 -62.564 -48.071 -43.669
-210.360 -174.493 -112.996 -78.702 -63.620 -49.586 -45.490
-212.475 -178.810 -108.733 -81.251 -59.903 -47.257 -42.800
-207.681 -168.584 -112.618 -76.813 -59.441 -46.905 -42.317
-210.863 -182.368 -111.960 -79.327 -59.352 -44.990 -40.954
-209.795 -168.605 -104.944 -72.063 -58.429 -45.964 -40.011
-200.963 -174.833 -118.726 -82.670 -62.980 -46.293 -40.711
-188.143 -160.741 -108.965 -79.946 -62.060 -46.934 -42.454
-209.615 -171.664 -112.344 -78.426 -62.966 -48.215 -44.286
-186.028 -151.885 -98.735 -71.781 -57.865 -44.289 -39.096
-203.572 -166.371 -105.262 -76.623 -58.289 -45.695 -40.922
-237.433 -185.618 -109.199 -81.202 -62.445 -45.037 -39.631
-199.906 -165.053 -106.866 -79.053 -58.903 -46.194 -42.523
-193.526 -167.186 -99.196 -69.884 -57.495 -44.851 -41.192
-195.571 -161.136 -103.571 -75.990 -59.350 -45.230 -40.341
-169.547 -149.237 -96.691 -72.716 -57.808 -45.478 -42.744
-201.120 -166.930 -109.530 -78.291 -62.508 -46.975 -43.402
-185.494 -152.953 -100.347 -74.247 -58.044 -47.225 -42.854
-173.349 -149.492 -98.199 -73.204 -57.532 -45.478 -41.520
-158.129 -145.740 -92.575 -73.430 -58.381 -42.850 -40.430
-172.456 -150.366 -98.272 -69.706 -57.225 -44.482 -39.967
-185.160 -154.328 -100.392 -71.595 -55.669 -43.440 -39.699
-206.944 -160.006 -95.976 -71.096 -55.727 -41.806 -37.637
-189.499 -163.029 -99.026 -72.329 -58.543 -45.058 -41.604
-195.791 -161.142 -105.984 -74.222 -59.623 -46.211 -41.432
-190.644 -173.049 -100.888 -74.838 -58.212 -44.200 -41.242
-180.406 -154.832 -95.105 -72.554 -57.143 -45.987 -42.549
-182.971 -150.437 -98.680 -69.609 -56.957 -41.445 -37.768
-177.837 -159.139 -94.522 -66.856 -57.603 -43.076 -39.141
-168.565 -150.080 -102.998 -74.734 -62.129 -42.578 -39.856
-193.174 -158.233 -95.183 -70.535 -54.489 -41.429 -36.850
-174.823 -145.986 -99.846 -71.408 -55.375 -43.396 -39.585
-167.964 -137.815 -85.458 -61.798 -51.282 -39.098 -35.843
-166.792 -139.219 -86.742 -64.147 -54.108 -43.360 -38.111
-182.015 -149.990 -102.001 -68.951 -53.127 -41.279 -36.636
-169.248 -136.865 -95.474 -71.233 -58.074 -45.458 -40.938
-168.341 -150.579 -97.240 -71.448 -56.888 -42.300 -37.965
-162.550 -139.116 -86.803 -67.339 -54.370 -41.238 -37.682
-160.229 -133.580 -93.842 -70.709 -53.787 -41.332 -38.542
-155.690 -124.880 -87.819 -65.459 -53.372 -43.105 -39.152
