 Iter | Train MDP | Test MDP | Best (on Train) | Episodes so far 
  0 -333.51 -793.54 -100000000.00 400    400 
  1 -541.18 -745.82 -333.51 400    800 
  2 -315.89 -674.37 -333.51 400   1200 
  3 -384.53 -462.29 -315.89 400   1600 
  4 -378.99 -388.79 -315.89 400   2000 
  5 -399.01 -578.33 -315.89 400   2400 
  6 -468.81 -756.79 -315.89 400   2800 
  7 -356.54 -670.23 -315.89 400   3200 
  8 -324.61 -942.07 -315.89 400   3600 
  9 -340.86 -504.82 -315.89 400   4000 
 10 -338.25 -876.37 -315.89 400   4400 
 11 -295.82 -756.50 -315.89 400   4800 
 12 -302.23 -458.75 -295.82 400   5200 
 13 -310.22 -364.52 -295.82 400   5600 
 14 -354.44 -429.04 -295.82 400   6000 
 15 -289.10 -381.72 -295.82 400   6400 
 16 -287.59 -475.07 -289.10 400   6800 
 17 -240.14 -557.72 -287.59 400   7200 
 18 -266.57 -394.63 -240.14 400   7600 
 19 -232.10 -348.82 -240.14 400   8000 
 20 -250.00 -695.71 -232.10 400   8400 
 21 -283.15 -403.11 -232.10 400   8800 
 22 -243.01 -512.07 -232.10 400   9200 
 23 -186.75 -557.92 -232.10 400   9600 
 24 -211.62 -401.24 -186.75 400  10000 
 25 -260.22 -550.70 -186.75 400  10400 
 26 -228.94 -482.46 -186.75 400  10800 
 27 -316.28 -409.52 -186.75 400  11200 
 28 -242.03 -336.55 -186.75 400  11600 
 29 -258.44 -309.33 -186.75 400  12000 
 30 -189.28 -514.82 -186.75 400  12400 
 31 -183.62 -374.44 -186.75 400  12800 
 32 -205.55 -340.32 -183.62 400  13200 
 33 -176.84 -415.39 -183.62 400  13600 
 34 -207.06 -266.59 -176.84 400  14000 
 35 -189.56 -265.43 -176.84 400  14400 
 36 -179.27 -378.09 -176.84 400  14800 
 37 -175.87 -311.39 -176.84 400  15200 
 38 -195.63 -214.67 -175.87 400  15600 
 39 -228.06 -308.06 -175.87 400  16000 
 40 -161.07 -525.45 -175.87 400  16400 
 41 -146.50 -381.49 -161.07 400  16800 
 42 -166.56 -263.23 -146.50 400  17200 
 43 -172.69 -187.36 -146.50 400  17600 
 44 -165.10 -301.88 -146.50 400  18000 
 45 -115.09 -181.43 -146.50 400  18400 
 46 -161.64 -252.35 -115.09 400  18800 
 47 -184.15 -259.35 -115.09 400  19200 
 48 -178.56 -358.56 -115.09 400  19600 
 49 -145.92 -411.64 -115.09 400  20000 
 50 -171.44 -374.23 -115.09 400  20400 
 51 -152.49 -228.02 -115.09 400  20800 
 52 -175.34 -213.56 -115.09 400  21200 
 53 -195.06 -172.62 -115.09 400  21600 
 54 -183.27 -328.21 -115.09 400  22000 
 55 -193.52 -215.62 -115.09 400  22400 
 56 -137.90 -332.72 -115.09 400  22800 
 57 -148.69 -97.09 -115.09 400  23200 
 58 -169.74 -243.97 -115.09 400  23600 
 59 -129.42 -330.11 -115.09 400  24000 
 60 -113.27 -227.63 -115.09 400  24400 
 61 -119.62 -201.50 -113.27 400  24800 
 62 -149.86 -235.21 -113.27 400  25200 
 63 -144.38 -281.71 -113.27 400  25600 
 64 -123.94 -311.93 -113.27 400  26000 
 65 -145.46 -242.71 -113.27 400  26400 
 66 -156.30 -335.53 -113.27 400  26800 
 67 -108.20 -194.06 -113.27 400  27200 
 68 -130.13 -111.06 -108.20 400  27600 
 69 -131.72 -205.06 -108.20 400  28000 
 70 -103.18 -188.71 -108.20 400  28400 
 71 -123.88 -152.92 -103.18 400  28800 
 72 -151.37 -177.72 -103.18 400  29200 
 73 -142.90 -180.63 -103.18 400  29600 
 74 -93.11 -193.55 -103.18 400  30000 
 75 -113.78 -253.25 -93.11 400  30400 
 76 -87.66 -191.62 -93.11 400  30800 
 77 -135.96 -185.42 -87.66 400  31200 
 78 -122.46 -212.49 -87.66 400  31600 
 79 -128.33 -129.52 -87.66 400  32000 
 80 -76.76 -249.55 -87.66 400  32400 
 81 -95.77 -219.33 -76.76 400  32800 
 82 -99.83 -251.21 -76.76 400  33200 
 83 -79.40 -149.58 -76.76 400  33600 
 84 -100.94 -153.36 -76.76 400  34000 
 85 -88.74 -166.89 -76.76 400  34400 
 86 -118.03 -177.98 -76.76 400  34800 
 87 -92.68 -150.41 -76.76 400  35200 
 88 -109.17 -140.69 -76.76 400  35600 
 89 -77.26 -164.17 -76.76 400  36000 
 90 -90.43 -104.18 -76.76 400  36400 
 91 -97.78 -197.43 -76.76 400  36800 
 92 -71.74 -170.84 -76.76 400  37200 
 93 -111.43 -178.34 -71.74 400  37600 
 94 -66.23 -150.14 -71.74 400  38000 
 95 -84.30 -113.16 -66.23 400  38400 
 96 -79.94 -140.72 -66.23 400  38800 
 97 -68.06 -99.35 -66.23 400  39200 
 98 -62.08 -79.50 -66.23 400  39600 
 99 -79.54 -102.09 -62.08 400  40000 
100 -68.24 -94.75 -62.08 400  40400 
101 -84.40 -101.56 -62.08 400  40800 
102 -81.10 -131.99 -62.08 400  41200 
103 -84.39 -145.14 -62.08 400  41600 
104 -84.22 -168.06 -62.08 400  42000 
105 -81.92 -84.58 -62.08 400  42400 
106 -56.99 -66.28 -62.08 400  42800 
107 -50.07 -126.11 -56.99 400  43200 
108 -66.51 -74.86 -50.07 400  43600 
109 -60.86 -120.17 -50.07 400  44000 
110 -66.92 -145.85 -50.07 400  44400 
111 -58.55 -113.21 -50.07 400  44800 
112 -56.05 -83.14 -50.07 400  45200 
113 -53.65 -46.08 -50.07 400  45600 
114 -61.86 -69.38 -50.07 400  46000 
115 -57.61 -108.28 -50.07 400  46400 
116 -49.48 -59.07 -50.07 400  46800 
117 -43.53 -122.53 -49.48 400  47200 
118 -52.42 -75.97 -43.53 400  47600 
119 -43.11 -67.14 -43.53 400  48000 
120 -52.85 -147.87 -43.11 400  48400 
121 -55.96 -69.76 -43.11 400  48800 
122 -48.38 -76.60 -43.11 400  49200 
123 -46.76 -64.03 -43.11 400  49600 
124 -39.49 -78.40 -43.11 400  50000 
125 -44.41 -72.65 -39.49 400  50400 
126 -38.78 -84.79 -39.49 400  50800 
127 -53.31 -65.04 -38.78 400  51200 
128 -34.47 -122.42 -38.78 400  51600 
129 -49.03 -76.51 -34.47 400  52000 
130 -35.13 -91.87 -34.47 400  52400 
131 -39.79 -72.45 -34.47 400  52800 
132 -34.14 -81.11 -34.47 400  53200 
133 -26.84 -43.76 -34.14 400  53600 
134 -31.39 -66.15 -26.84 400  54000 
135 -32.47 -69.09 -26.84 400  54400 
136 -27.68 -81.87 -26.84 400  54800 
137 -28.62 -59.78 -26.84 400  55200 
138 -29.21 -62.85 -26.84 400  55600 
139 -34.24 -74.98 -26.84 400  56000 
140 -31.99 -51.73 -26.84 400  56400 
141 -26.06 -62.91 -26.84 400  56800 
142 -28.98 -43.37 -26.06 400  57200 
143 -29.34 -68.70 -26.06 400  57600 
144 -35.56 -36.01 -26.06 400  58000 
145 -26.69 -69.36 -26.06 400  58400 
146 -32.93 -36.42 -26.06 400  58800 
147 -24.28 -59.16 -26.06 400  59200 
148 -24.90 -50.40 -24.28 400  59600 
149 -21.84 -53.21 -24.28 400  60000 
150 -17.69 -45.69 -21.84 400  60400 
151 -21.42 -39.89 -17.69 400  60800 
152 -19.34 -53.67 -17.69 400  61200 
153 -21.04 -38.57 -17.69 400  61600 
154 -18.71 -30.52 -17.69 400  62000 
155 -19.82 -30.21 -17.69 400  62400 
156 -22.94 -61.60 -17.69 400  62800 
157 -19.62 -31.45 -17.69 400  63200 
158 -18.31 -29.92 -17.69 400  63600 
159 -18.03 -51.83 -17.69 400  64000 
160 -22.52 -21.64 -17.69 400  64400 
161 -13.84 -30.66 -17.69 400  64800 
162 -15.61 -33.07 -13.84 400  65200 
163 -14.70 -18.79 -13.84 400  65600 
164 -17.33 -17.82 -13.84 400  66000 
165 -13.41 -17.34 -13.84 400  66400 
166 -14.74 -36.25 -13.41 400  66800 
167 -17.53 -33.34 -13.41 400  67200 
168 -14.38 -45.88 -13.41 400  67600 
169 -16.89 -23.72 -13.41 400  68000 
170 -12.77 -26.42 -13.41 400  68400 
171 -13.49 -52.01 -12.77 400  68800 
172 -18.21 -40.31 -12.77 400  69200 
173 -12.95 -36.65 -12.77 400  69600 
174 -9.56 -29.72 -12.77 400  70000 
175 -9.12 -33.11 -9.56 400  70400 
176 -10.31 -25.27 -9.12 400  70800 
177 -10.94 -15.91 -9.12 400  71200 
178 -17.90 -17.63 -9.12 400  71600 
179 -6.54 -13.11 -9.12 400  72000 
180 -7.61 -18.69 -6.54 400  72400 
181 -10.01 -35.24 -6.54 400  72800 
182 -10.32 -10.47 -6.54 400  73200 
183 -12.44 -4.95 -6.54 400  73600 
184 -7.18 -26.26 -6.54 400  74000 
185 -10.74 -46.11 -6.54 400  74400 
186 -4.96 -18.26 -6.54 400  74800 
187 -7.96 -27.65 -4.96 400  75200 
188 -2.34 -8.65 -4.96 400  75600 
189 -3.68 -17.78 -2.34 400  76000 
190 -4.53 15.56 -2.34 400  76400 
191 -2.35 -4.57 -2.34 400  76800 
192 -2.64 -0.43 -2.34 400  77200 
193 -1.81 -6.60 -2.34 400  77600 
194 -4.58 -4.47 -1.81 400  78000 
195 -1.28 7.45 -1.81 400  78400 
196 -0.20 1.13 -1.28 400  78800 
197 3.44 -12.89 -0.20 400  79200 
198 0.22 -13.36 3.44 400  79600 
199 1.37 1.62 3.44 400  80000 
200 3.36 11.06 3.44 400  80400 
201 3.40 -1.22 3.44 400  80800 
202 4.49 -9.78 3.44 400  81200 
203 4.51 8.60 4.49 399  81599 
204 6.55 7.53 4.51 399  81998 
205 6.52 5.32 6.55 399  82397 
206 7.10 10.23 6.55 399  82796 
207 9.24 32.47 7.10 399  83195 
208 9.46 30.73 9.24 398  83593 
209 8.31 6.87 9.46 398  83991 
210 12.67 29.49 9.46 399  84390 
211 14.24 8.65 12.67 398  84788 
212 14.34 13.29 14.24 397  85185 
213 16.60 22.17 14.34 397  85582 
214 16.56 31.79 16.60 397  85979 
215 17.46 43.54 16.60 397  86376 
216 21.50 27.38 17.46 396  86772 
217 20.17 29.22 21.50 395  87167 
218 20.65 14.99 21.50 396  87563 
219 24.90 28.23 21.50 396  87959 
220 25.32 41.55 24.90 395  88354 
221 29.64 44.39 25.32 395  88749 
222 31.98 62.13 29.64 394  89143 
223 29.89 86.25 31.98 393  89536 
224 35.48 60.57 31.98 394  89930 
225 37.48 43.49 35.48 392  90322 
226 42.87 37.98 37.48 392  90714 
227 51.92 103.53 42.87 390  91104 
228 46.83 42.25 51.92 388  91492 
229 57.49 71.91 51.92 390  91882 
230 47.81 97.09 57.49 387  92269 
231 57.49 91.38 57.49 389  92658 
232 63.16 85.56 57.49 387  93045 
233 69.85 100.01 63.16 386  93431 
234 65.06 157.25 69.85 384  93815 
235 72.90 97.26 69.85 385  94200 
236 93.74 91.78 72.90 383  94583 
237 95.29 199.30 93.74 379  94962 
238 125.47 168.54 95.29 378  95340 
239 137.59 174.59 125.47 371  95711 
240 133.74 166.66 137.59 368  96079 
241 175.10 169.98 137.59 369  96448 
242 184.51 220.51 175.10 360  96808 
243 218.35 239.34 184.51 357  97165 
244 231.40 159.58 218.35 350  97515 
245 226.02 232.81 231.40 347  97862 
246 246.07 164.78 231.40 348  98210 
247 260.89 269.14 246.07 343  98553 
248 303.38 186.66 260.89 340  98893 
249 307.60 313.68 303.38 330  99223 
250 314.91 335.65 307.60 329  99552 
251 333.41 300.43 314.91 327  99879 
252 350.10 211.47 333.41 323 100202 
253 359.72 300.10 350.10 319 100521 
254 394.06 241.54 359.72 317 100838 
255 354.64 331.93 394.06 309 101147 
256 357.98 224.11 394.06 318 101465 
257 405.95 449.88 394.06 317 101782 
258 419.03 399.28 405.95 306 102088 
259 414.08 234.62 419.03 303 102391 
260 439.49 512.71 419.03 304 102695 
261 462.93 497.02 439.49 298 102993 
262 487.56 338.83 462.93 292 103285 
263 511.00 405.26 487.56 287 103572 
264 493.02 440.76 511.00 281 103853 
265 478.99 610.76 511.00 285 104138 
266 503.21 540.02 511.00 289 104427 
267 482.89 527.70 511.00 283 104710 
268 557.74 658.78 511.00 288 104998 
269 544.36 591.06 557.74 270 105268 
270 582.86 559.83 557.74 273 105541 
271 581.48 472.58 582.86 264 105805 
272 584.57 737.06 582.86 265 106070 
273 598.71 600.51 584.57 264 106334 
274 596.78 647.69 598.71 261 106595 
275 627.93 543.41 598.71 261 106856 
276 631.10 454.59 627.93 254 107110 
277 657.79 658.73 631.10 253 107363 
278 626.20 606.27 657.79 247 107610 
279 657.16 777.94 657.79 254 107864 
280 667.22 625.80 657.79 247 108111 
281 688.29 714.40 667.22 245 108356 
282 724.51 566.00 688.29 240 108596 
283 712.17 749.20 724.51 231 108827 
284 716.98 643.59 724.51 234 109061 
285 733.84 690.06 724.51 233 109294 
286 737.83 872.19 733.84 229 109523 
287 758.81 898.83 737.83 228 109751 
288 775.78 783.72 758.81 223 109974 
289 778.31 927.23 775.78 219 110193 
290 811.93 885.63 778.31 219 110412 
291 831.61 909.75 811.93 211 110623 
292 832.31 917.19 831.61 206 110829 
293 849.07 912.90 832.31 206 111035 
294 870.62 898.24 849.07 202 111237 
295 867.04 896.40 870.62 197 111434 
296 885.41 953.46 870.62 198 111632 
297 893.39 950.63 885.41 194 111826 
298 927.64 935.12 893.39 192 112018 
299 959.93 958.95 927.64 184 112202 
300 1019.52 985.28 959.93 177 112379 
301 1054.44 978.83 1019.52 163 112542 
302 1016.68 1007.02 1054.44 154 112696 
303 1074.27 1004.02 1054.44 163 112859 
304 1111.80 1031.13 1074.27 150 113009 
305 1122.98 1019.13 1111.80 141 113150 
306 1189.50 1044.90 1122.98 138 113288 
307 1102.96 1067.31 1189.50 123 113411 
308 1245.54 1101.84 1189.50 143 113554 
309 1277.36 1113.48 1245.54 110 113664 
310 1237.62 1137.55 1277.36 102 113766 
311 1335.62 1174.23 1277.36 112 113878 
312 1259.56 1176.82 1335.62  89 113967 
313 1364.18 1208.16 1335.62 107 114074 
314 1305.75 1209.24 1364.18  82 114156 
315 1394.78 1242.32 1364.18  96 114252 
316 1489.93 1221.16 1394.78  75 114327 
317 1386.12 1253.24 1489.93  53 114380 
318 1491.30 1263.61 1489.93  77 114457 
319 1428.39 1280.80 1491.30  53 114510 
320 1355.28 1278.70 1491.30  67 114577 
321 1404.20 1288.66 1491.30  84 114661 
322 1397.24 1301.50 1491.30  73 114734 
323 1534.03 1299.41 1491.30  74 114808 
324 1532.33 1331.92 1534.03  50 114858 
325 1484.24 1332.27 1534.03  50 114908 
326 1550.83 1357.94 1534.03  54 114962 
327 1604.95 1356.29 1550.83  50 115012 
328 1539.62 1364.52 1604.95  50 115062 
329 1675.03 1359.31 1604.95  50 115112 
330 1578.67 1367.10 1675.03  50 115162 
331 1559.47 1386.07 1675.03  50 115212 
332 1624.32 1373.15 1675.03  50 115262 
333 1503.58 1389.54 1675.03  50 115312 
334 1655.49 1379.03 1675.03  50 115362 
335 1653.06 1405.38 1675.03  50 115412 
336 1687.94 1394.91 1675.03  50 115462 
337 1797.05 1456.67 1687.94  50 115512 
338 1781.97 1446.97 1797.05  50 115562 
339 1813.87 1436.93 1797.05  50 115612 
340 1789.42 1448.73 1813.87  50 115662 
341 1806.59 1430.59 1813.87  50 115712 
342 1806.63 1453.39 1813.87  50 115762 
343 1684.26 1465.98 1813.87  50 115812 
344 1822.89 1471.95 1813.87  50 115862 
345 1753.72 1484.67 1822.89  50 115912 
346 1796.55 1475.49 1822.89  50 115962 
347 1794.29 1480.65 1822.89  50 116012 
348 1795.90 1476.52 1822.89  50 116062 
349 1822.57 1493.70 1822.89  50 116112 
350 1890.03 1497.70 1822.89  50 116162 
351 1710.29 1485.47 1890.03  50 116212 
352 1863.67 1497.15 1890.03  50 116262 
353 1740.61 1504.89 1890.03  50 116312 
354 1770.13 1490.05 1890.03  50 116362 
355 1841.94 1478.46 1890.03  50 116412 
356 1762.54 1481.38 1890.03  50 116462 
357 1957.55 1483.96 1890.03  50 116512 
358 1892.81 1502.26 1957.55  50 116562 
359 1917.25 1521.84 1957.55  50 116612 
360 1878.66 1510.54 1957.55  50 116662 
361 1969.51 1490.14 1957.55  50 116712 
362 1831.44 1490.54 1969.51  50 116762 
363 1949.74 1494.63 1969.51  50 116812 
364 1788.44 1516.32 1969.51  50 116862 
365 1898.64 1525.45 1969.51  50 116912 
366 1961.76 1529.61 1969.51  50 116962 
367 1826.48 1525.52 1969.51  50 117012 
368 1948.49 1525.50 1969.51  50 117062 
369 1851.26 1519.96 1969.51  50 117112 
370 1956.62 1549.04 1969.51  50 117162 
371 1875.37 1546.21 1969.51  50 117212 
372 1830.09 1543.49 1969.51  50 117262 
373 2030.16 1516.41 1969.51  50 117312 
374 1946.52 1532.60 2030.16  50 117362 
375 1941.52 1535.15 2030.16  50 117412 
376 2015.78 1516.81 2030.16  50 117462 
377 1894.79 1551.02 2030.16  50 117512 
378 1840.85 1535.50 2030.16  50 117562 
379 2024.24 1553.71 2030.16  50 117612 
380 2061.64 1554.32 2030.16  50 117662 
381 1898.04 1550.06 2061.64  50 117712 
382 1889.31 1559.85 2061.64  50 117762 
383 1920.32 1554.28 2061.64  50 117812 
384 2054.68 1545.88 2061.64  50 117862 
385 1974.45 1519.30 2061.64  50 117912 
386 2070.50 1507.54 2061.64  50 117962 
387 1899.68 1517.70 2070.50  50 118012 
388 1849.39 1500.24 2070.50  50 118062 
389 2132.39 1537.59 2070.50  50 118112 
390 2042.03 1535.01 2132.39  50 118162 
391 2052.98 1539.59 2132.39  50 118212 
392 1921.07 1558.22 2132.39  50 118262 
393 2089.54 1524.57 2132.39  50 118312 
394 2032.19 1527.80 2132.39  50 118362 
395 2019.60 1534.24 2132.39  50 118412 
396 2056.52 1545.00 2132.39  50 118462 
397 1933.46 1526.53 2132.39  50 118512 
398 1912.57 1529.69 2132.39  50 118562 
399 2008.56 1512.88 2132.39  50 118612 
400 1928.79 1505.82 2132.39  50 118662 
401 1947.01 1513.43 2132.39  50 118712 
402 1898.63 1513.60 2132.39  50 118762 
403 2025.74 1526.34 2132.39  50 118812 
404 2035.12 1522.20 2132.39  50 118862 
405 2063.53 1547.77 2132.39  50 118912 
406 2057.57 1546.79 2132.39  50 118962 
407 2051.44 1537.31 2132.39  50 119012 
408 2056.31 1565.71 2132.39  50 119062 
409 1958.02 1548.14 2132.39  50 119112 
410 2043.30 1538.82 2132.39  50 119162 
411 2018.68 1582.72 2132.39  50 119212 
412 1969.17 1595.17 2132.39  50 119262 
413 2034.16 1543.65 2132.39  50 119312 
414 2048.85 1559.34 2132.39  50 119362 
415 1986.12 1551.56 2132.39  50 119412 
416 1989.46 1567.71 2132.39  50 119462 
417 1943.61 1568.81 2132.39  50 119512 
418 1984.68 1543.70 2132.39  50 119562 
419 2054.32 1528.17 2132.39  50 119612 
420 2094.77 1524.68 2132.39  50 119662 
421 2137.87 1537.67 2132.39  50 119712 
422 2034.35 1529.56 2137.87  50 119762 
423 2124.01 1549.46 2137.87  50 119812 
424 2089.60 1561.91 2137.87  50 119862 
425 2190.71 1564.14 2137.87  50 119912 
426 2076.05 1581.66 2190.71  50 119962 
427 2146.04 1583.63 2190.71  50 120012 
428 2004.66 1611.48 2190.71  50 120062 
429 2146.72 1591.31 2190.71  50 120112 
430 2154.66 1594.32 2190.71  50 120162 
431 2169.32 1580.64 2190.71  50 120212 
432 2142.92 1603.12 2190.71  50 120262 
433 2088.84 1619.08 2190.71  50 120312 
434 2100.36 1604.56 2190.71  50 120362 
435 2102.60 1610.25 2190.71  50 120412 
436 2063.32 1631.63 2190.71  50 120462 
437 2127.12 1610.72 2190.71  50 120512 
438 2155.15 1618.43 2190.71  50 120562 
439 2069.15 1650.04 2190.71  50 120612 
440 2151.59 1624.80 2190.71  50 120662 
441 2198.58 1632.02 2190.71  50 120712 
442 2254.33 1612.27 2198.58  50 120762 
443 2210.11 1660.55 2254.33  50 120812 
444 2242.26 1686.43 2254.33  50 120862 
445 2171.47 1669.77 2254.33  50 120912 
446 2171.48 1675.04 2254.33  50 120962 
447 2065.33 1671.46 2254.33  50 121012 
448 2178.07 1675.90 2254.33  50 121062 
449 2177.76 1675.05 2254.33  50 121112 
450 2186.46 1692.07 2254.33  50 121162 
451 2132.50 1685.59 2254.33  50 121212 
452 2260.39 1680.29 2254.33  50 121262 
453 2201.51 1694.61 2260.39  50 121312 
454 2066.50 1690.89 2260.39  50 121362 
455 2135.13 1697.19 2260.39  50 121412 
456 2188.47 1693.09 2260.39  50 121462 
457 2160.20 1681.62 2260.39  50 121512 
458 2218.34 1698.53 2260.39  50 121562 
459 2121.40 1679.79 2260.39  50 121612 
460 2301.06 1675.71 2260.39  50 121662 
461 2081.34 1693.59 2301.06  50 121712 
462 2168.24 1703.42 2301.06  50 121762 
463 2326.99 1675.51 2301.06  50 121812 
464 2104.79 1688.54 2326.99  50 121862 
465 2214.06 1690.58 2326.99  50 121912 
466 2080.40 1667.82 2326.99  50 121962 
467 2224.89 1661.01 2326.99  50 122012 
468 2172.48 1653.05 2326.99  50 122062 
469 2255.01 1670.53 2326.99  50 122112 
470 2257.73 1680.65 2326.99  50 122162 
471 2272.73 1678.84 2326.99  50 122212 
472 2303.89 1661.24 2326.99  50 122262 
473 2183.41 1653.29 2326.99  50 122312 
474 2304.85 1683.22 2326.99  50 122362 
475 2278.41 1684.35 2326.99  50 122412 
476 2225.64 1654.02 2326.99  50 122462 
477 2335.14 1691.46 2326.99  50 122512 
478 2280.10 1676.49 2335.14  50 122562 
479 2316.21 1680.24 2335.14  50 122612 
480 2287.92 1670.44 2335.14  50 122662 
481 2144.70 1661.11 2335.14  50 122712 
482 2262.12 1670.09 2335.14  50 122762 
483 2244.05 1669.77 2335.14  50 122812 
484 2309.31 1671.15 2335.14  50 122862 
485 2366.51 1683.94 2335.14  50 122912 
486 2374.68 1707.93 2366.51  50 122962 
487 2332.37 1705.12 2374.68  50 123012 
488 2264.45 1710.17 2374.68  50 123062 
489 2367.98 1720.63 2374.68  50 123112 
490 2304.02 1715.78 2374.68  50 123162 
491 2397.27 1699.55 2374.68  50 123212 
492 2264.25 1710.31 2397.27  50 123262 
493 2264.34 1708.15 2397.27  50 123312 
494 2290.51 1723.80 2397.27  50 123362 
495 2299.29 1717.17 2397.27  50 123412 
496 2222.32 1749.20 2397.27  50 123462 
497 2370.74 1741.91 2397.27  50 123512 
498 2299.38 1762.18 2397.27  50 123562 
499 2301.02 1743.38 2397.27  50 123612 
500 2325.45 1744.41 2397.27  50 123662 
501 2258.84 1734.30 2397.27  50 123712 
502 2240.13 1739.45 2397.27  50 123762 
503 2244.33 1734.13 2397.27  50 123812 
504 2342.20 1753.28 2397.27  50 123862 
505 2270.95 1616.62 2397.27  50 123912 
506 2219.04 1652.13 2397.27  50 123962 
507 2211.38 1662.05 2397.27  50 124012 
508 2431.80 1721.07 2397.27  50 124062 
509 2362.18 1712.38 2431.80  50 124112 
510 2301.16 1643.50 2431.80  50 124162 
511 2273.00 1688.88 2431.80  50 124212 
512 2255.40 1611.66 2431.80  50 124262 
513 2371.29 1738.99 2431.80  50 124312 
514 2300.15 1734.52 2431.80  50 124362 
515 2365.56 1731.06 2431.80  50 124412 
516 2201.68 1639.12 2431.80  50 124462 
517 2310.72 1661.02 2431.80  50 124512 
518 2371.53 1674.31 2431.80  50 124562 
519 2333.21 1614.25 2431.80  50 124612 
520 2326.03 1683.21 2431.80  50 124662 
521 2402.95 1642.83 2431.80  50 124712 
522 2341.16 1611.79 2431.80  50 124762 
523 2375.30 1622.96 2431.80  50 124812 
524 2357.92 1655.44 2431.80  50 124862 
525 2406.95 1659.71 2431.80  50 124912 
526 2386.18 1678.81 2431.80  50 124962 
527 2399.06 1653.20 2431.80  50 125012 
528 2422.17 1557.57 2431.80  50 125062 
529 2356.04 1644.78 2431.80  50 125112 
530 2405.50 1638.33 2431.80  50 125162 
531 2304.23 1682.82 2431.80  50 125212 
532 2410.42 1669.29 2431.80  50 125262 
533 2284.44 1646.44 2431.80  50 125312 
534 2339.01 1679.10 2431.80  50 125362 
535 2324.01 1645.58 2431.80  50 125412 
536 2393.62 1666.65 2431.80  50 125462 
537 2246.62 1631.02 2431.80  50 125512 
538 2316.80 1635.33 2431.80  50 125562 
539 2291.65 1630.92 2431.80  50 125612 
540 2366.21 1644.54 2431.80  50 125662 
541 2365.27 1627.31 2431.80  50 125712 
542 2436.42 1649.27 2431.80  50 125762 
543 2345.95 1684.72 2436.42  50 125812 
544 2358.14 1728.36 2436.42  50 125862 
545 2432.03 1726.68 2436.42  50 125912 
546 2370.86 1673.79 2436.42  50 125962 
547 2313.63 1756.93 2436.42  50 126012 
548 2317.75 1733.16 2436.42  50 126062 
549 2364.93 1704.14 2436.42  50 126112 
550 2472.73 1698.20 2436.42  50 126162 
551 2400.49 1623.62 2472.73  50 126212 
552 2499.28 1618.82 2472.73  50 126262 
553 2413.28 1568.85 2499.28  50 126312 
554 2437.95 1613.78 2499.28  50 126362 
555 2373.75 1624.65 2499.28  50 126412 
556 2356.45 1670.34 2499.28  50 126462 
557 2422.37 1548.98 2499.28  50 126512 
558 2457.11 1605.40 2499.28  50 126562 
559 2382.53 1596.74 2499.28  50 126612 
560 2501.47 1591.71 2499.28  50 126662 
561 2455.81 1583.01 2501.47  50 126712 
562 2395.07 1621.47 2501.47  50 126762 
563 2507.16 1626.00 2501.47  50 126812 
564 2488.15 1567.02 2507.16  50 126862 
565 2527.76 1477.38 2507.16  50 126912 
566 2542.57 1608.88 2527.76  50 126962 
567 2415.13 1577.42 2542.57  50 127012 
568 2474.41 1643.13 2542.57  50 127062 
569 2541.41 1695.72 2542.57  50 127112 
570 2522.53 1737.74 2542.57  50 127162 
571 2534.77 1573.32 2542.57  50 127212 
572 2400.48 1634.49 2542.57  50 127262 
573 2469.20 1714.05 2542.57  50 127312 
574 2500.55 1720.17 2542.57  50 127362 
575 2466.94 1762.42 2542.57  50 127412 
576 2379.51 1681.31 2542.57  50 127462 
577 2548.83 1727.66 2542.57  50 127512 
578 2501.88 1778.35 2548.83  50 127562 
579 2388.57 1742.94 2548.83  50 127612 
580 2515.17 1760.57 2548.83  50 127662 
581 2561.39 1786.41 2548.83  50 127712 
582 2473.00 1748.26 2561.39  50 127762 
583 2570.10 1750.33 2561.39  50 127812 
584 2506.18 1744.12 2570.10  50 127862 
585 2574.04 1707.89 2570.10  50 127912 
586 2447.40 1759.84 2574.04  50 127962 
587 2335.52 1759.83 2574.04  50 128012 
588 2520.23 1760.80 2574.04  50 128062 
589 2478.77 1796.60 2574.04  50 128112 
590 2533.20 1781.30 2574.04  50 128162 
591 2432.42 1787.89 2574.04  50 128212 
592 2376.24 1802.13 2574.04  50 128262 
593 2493.44 1819.10 2574.04  50 128312 
594 2462.20 1811.49 2574.04  50 128362 
595 2425.57 1820.19 2574.04  50 128412 
596 2522.48 1816.17 2574.04  50 128462 
597 2499.81 1816.68 2574.04  50 128512 
598 2506.49 1790.81 2574.04  50 128562 
599 2530.65 1809.68 2574.04  50 128612 
600 2476.78 1808.92 2574.04  50 128662 
601 2574.57 1812.15 2574.04  50 128712 
602 2632.28 1826.53 2574.57  50 128762 
603 2481.26 1837.58 2632.28  50 128812 
604 2536.86 1814.07 2632.28  50 128862 
605 2501.48 1832.35 2632.28  50 128912 
606 2537.40 1860.75 2632.28  50 128962 
607 2516.10 1832.02 2632.28  50 129012 
608 2470.61 1832.39 2632.28  50 129062 
609 2546.99 1842.02 2632.28  50 129112 
610 2278.08 1830.78 2632.28  50 129162 
611 2443.73 1820.15 2632.28  50 129212 
612 2485.01 1823.22 2632.28  50 129262 
613 2330.86 1821.34 2632.28  50 129312 
614 2463.16 1848.53 2632.28  50 129362 
615 2358.31 1835.98 2632.28  50 129412 
616 2440.94 1787.46 2632.28  50 129462 
617 2409.46 1806.39 2632.28  50 129512 
618 2612.22 1811.43 2632.28  50 129562 
619 2332.75 1834.35 2632.28  50 129612 
620 2546.53 1826.02 2632.28  50 129662 
621 2508.13 1832.14 2632.28  50 129712 
622 2545.47 1804.25 2632.28  50 129762 
623 2362.07 1808.97 2632.28  50 129812 
624 2452.20 1798.21 2632.28  50 129862 
625 2558.02 1843.32 2632.28  50 129912 
626 2553.55 1810.56 2632.28  50 129962 
627 2574.84 1825.02 2632.28  50 130012 
628 2394.96 1815.49 2632.28  50 130062 
629 2495.79 1795.31 2632.28  50 130112 
630 2599.27 1793.15 2632.28  50 130162 
631 2494.70 1809.37 2632.28  50 130212 
632 2549.38 1753.52 2632.28  50 130262 
633 2545.15 1742.76 2632.28  50 130312 
634 2554.28 1730.21 2632.28  50 130362 
635 2454.17 1746.54 2632.28  50 130412 
636 2480.19 1709.40 2632.28  50 130462 
637 2427.48 1690.70 2632.28  50 130512 
638 2581.70 1717.33 2632.28  50 130562 
639 2517.10 1695.42 2632.28  50 130612 
640 2497.50 1749.79 2632.28  50 130662 
641 2632.35 1765.99 2632.28  50 130712 
642 2500.05 1762.14 2632.35  50 130762 
643 2437.55 1737.26 2632.35  50 130812 
644 2419.60 1782.96 2632.35  50 130862 
645 2449.71 1759.64 2632.35  50 130912 
646 2442.07 1748.87 2632.35  50 130962 
647 2572.61 1751.94 2632.35  50 131012 
648 2434.50 1735.01 2632.35  50 131062 
649 2499.32 1720.27 2632.35  50 131112 
650 2480.01 1742.29 2632.35  50 131162 
651 2369.18 1688.89 2632.35  50 131212 
652 2449.54 1736.29 2632.35  50 131262 
653 2591.50 1682.31 2632.35  50 131312 
654 2443.83 1699.18 2632.35  50 131362 
655 2500.73 1690.75 2632.35  50 131412 
656 2547.95 1692.84 2632.35  50 131462 
657 2594.09 1741.50 2632.35  50 131512 
658 2543.87 1727.55 2632.35  50 131562 
659 2582.01 1708.24 2632.35  50 131612 
660 2614.39 1783.28 2632.35  50 131662 
661 2353.33 1744.26 2632.35  50 131712 
662 2634.90 1778.51 2632.35  50 131762 
663 2387.72 1773.27 2634.90  50 131812 
664 2357.04 1783.55 2634.90  50 131862 
665 2552.59 1786.70 2634.90  50 131912 
666 2566.45 1757.11 2634.90  50 131962 
667 2462.47 1761.27 2634.90  50 132012 
668 2546.56 1773.31 2634.90  50 132062 
669 2425.54 1758.86 2634.90  50 132112 
670 2433.37 1776.81 2634.90  50 132162 
671 2542.06 1778.99 2634.90  50 132212 
672 2502.41 1780.26 2634.90  50 132262 
673 2468.47 1794.27 2634.90  50 132312 
674 2510.28 1769.10 2634.90  50 132362 
675 2498.49 1771.70 2634.90  50 132412 
676 2461.85 1786.91 2634.90  50 132462 
677 2550.11 1787.39 2634.90  50 132512 
678 2414.66 1755.75 2634.90  50 132562 
679 2569.89 1764.33 2634.90  50 132612 
680 2494.49 1755.26 2634.90  50 132662 
681 2505.44 1772.59 2634.90  50 132712 
682 2579.42 1761.17 2634.90  50 132762 
683 2465.38 1767.20 2634.90  50 132812 
684 2595.24 1783.43 2634.90  50 132862 
685 2561.15 1809.82 2634.90  50 132912 
686 2608.36 1794.92 2634.90  50 132962 
687 2445.87 1810.87 2634.90  50 133012 
688 2382.63 1810.09 2634.90  50 133062 
689 2528.57 1810.68 2634.90  50 133112 
690 2564.77 1797.08 2634.90  50 133162 
691 2474.96 1826.89 2634.90  50 133212 
692 2663.26 1826.48 2634.90  50 133262 
693 2551.70 1820.61 2663.26  50 133312 
694 2625.93 1840.15 2663.26  50 133362 
695 2626.87 1835.96 2663.26  50 133412 
696 2584.64 1810.47 2663.26  50 133462 
697 2490.99 1805.93 2663.26  50 133512 
698 2443.45 1824.11 2663.26  50 133562 
699 2474.59 1818.22 2663.26  50 133612 
700 2454.96 1840.12 2663.26  50 133662 
701 2551.37 1820.24 2663.26  50 133712 
702 2544.79 1836.34 2663.26  50 133762 
703 2477.66 1854.45 2663.26  50 133812 
704 2575.34 1836.96 2663.26  50 133862 
705 2566.19 1839.77 2663.26  50 133912 
706 2602.34 1833.34 2663.26  50 133962 
707 2598.32 1827.59 2663.26  50 134012 
708 2580.78 1831.52 2663.26  50 134062 
709 2586.73 1854.07 2663.26  50 134112 
710 2544.67 1860.56 2663.26  50 134162 
711 2607.99 1868.62 2663.26  50 134212 
712 2578.40 1862.22 2663.26  50 134262 
713 2525.46 1862.75 2663.26  50 134312 
714 2558.35 1857.25 2663.26  50 134362 
715 2555.12 1842.96 2663.26  50 134412 
716 2491.87 1860.80 2663.26  50 134462 
717 2396.46 1853.11 2663.26  50 134512 
718 2471.63 1851.09 2663.26  50 134562 
719 2555.34 1869.05 2663.26  50 134612 
720 2530.34 1827.96 2663.26  50 134662 
721 2509.36 1839.67 2663.26  50 134712 
722 2623.92 1851.05 2663.26  50 134762 
723 2659.05 1847.79 2663.26  50 134812 
724 2547.19 1844.55 2663.26  50 134862 
725 2575.06 1841.35 2663.26  50 134912 
726 2674.41 1856.26 2663.26  50 134962 
727 2665.90 1876.54 2674.41  50 135012 
728 2681.56 1863.03 2674.41  50 135062 
729 2559.70 1853.47 2681.56  50 135112 
730 2489.06 1863.58 2681.56  50 135162 
731 2666.71 1860.62 2681.56  50 135212 
732 2662.26 1842.05 2681.56  50 135262 
733 2493.86 1825.22 2681.56  50 135312 
734 2538.56 1825.58 2681.56  50 135362 
735 2514.78 1828.01 2681.56  50 135412 
736 2587.91 1778.56 2681.56  50 135462 
737 2535.72 1824.50 2681.56  50 135512 
738 2512.64 1822.27 2681.56  50 135562 
739 2504.72 1826.44 2681.56  50 135612 
740 2637.99 1792.55 2681.56  50 135662 
741 2456.84 1823.90 2681.56  50 135712 
742 2529.75 1779.74 2681.56  50 135762 
743 2671.38 1826.05 2681.56  50 135812 
744 2542.73 1785.24 2681.56  50 135862 
745 2579.28 1794.87 2681.56  50 135912 
746 2524.46 1805.33 2681.56  50 135962 
747 2685.01 1808.33 2681.56  50 136012 
748 2567.43 1810.67 2685.01  50 136062 
749 2552.92 1763.29 2685.01  50 136112 
750 2633.61 1814.94 2685.01  50 136162 
751 2680.71 1781.99 2685.01  50 136212 
752 2663.31 1816.29 2685.01  50 136262 
753 2685.64 1783.44 2685.01  50 136312 
754 2511.67 1720.90 2685.64  50 136362 
755 2531.72 1767.75 2685.64  50 136412 
756 2771.47 1792.24 2685.64  50 136462 
757 2613.20 1690.65 2771.47  50 136512 
758 2666.06 1617.34 2771.47  50 136562 
759 2756.65 1807.65 2771.47  50 136612 
760 2671.93 1798.93 2771.47  50 136662 
761 2505.21 1805.33 2771.47  50 136712 
762 2449.66 1831.54 2771.47  50 136762 
763 2493.61 1748.16 2771.47  50 136812 
764 2466.99 1725.80 2771.47  50 136862 
765 2366.23 1831.77 2771.47  50 136912 
766 2522.88 1795.75 2771.47  50 136962 
767 2664.50 1778.13 2771.47  50 137012 
768 2711.13 1765.25 2771.47  50 137062 
769 2520.90 1776.46 2771.47  50 137112 
770 2509.65 1659.87 2771.47  50 137162 
771 2658.16 1727.80 2771.47  50 137212 
772 2714.46 1708.09 2771.47  50 137262 
773 2686.31 1636.32 2771.47  50 137312 
774 2631.96 1501.41 2771.47  50 137362 
775 2604.36 1549.11 2771.47  50 137412 
776 2632.31 1791.18 2771.47  50 137462 
777 2560.98 1651.88 2771.47  50 137512 
778 2571.72 1681.01 2771.47  50 137562 
779 2595.40 1792.81 2771.47  50 137612 
780 2637.93 1610.01 2771.47  50 137662 
781 2533.64 1594.52 2771.47  50 137712 
782 2379.67 1661.81 2771.47  50 137762 
783 2434.10 1770.96 2771.47  50 137812 
784 2707.16 1767.86 2771.47  50 137862 
785 2591.86 1667.56 2771.47  50 137912 
786 2516.07 1685.41 2771.47  50 137962 
787 2519.00 1568.21 2771.47  50 138012 
788 2659.35 1645.92 2771.47  50 138062 
789 2522.93 1769.43 2771.47  50 138112 
790 2678.72 1680.50 2771.47  50 138162 
791 2784.65 1517.69 2771.47  50 138212 
792 2640.80 1566.47 2784.65  50 138262 
793 2740.69 1626.65 2784.65  50 138312 
794 2700.20 1736.83 2784.65  50 138362 
795 2685.48 1794.96 2784.65  50 138412 
796 2707.85 1846.62 2784.65  50 138462 
797 2702.78 1809.32 2784.65  50 138512 
798 2634.38 1731.95 2784.65  50 138562 
799 2664.29 1766.98 2784.65  50 138612 
800 2787.78 1673.91 2784.65  50 138662 
801 2786.89 1486.03 2787.78  50 138712 
802 2683.86 1399.94 2787.78  50 138762 
803 2640.71 1443.27 2787.78  50 138812 
804 2712.48 1450.39 2787.78  50 138862 
805 2833.23 1293.49 2787.78  50 138912 
806 2830.98 1398.35 2833.23  50 138962 
807 2671.91 1216.98 2833.23  50 139012 
808 2615.70 1348.81 2833.23  50 139062 
809 2844.92 1397.02 2833.23  50 139112 
810 2771.64 1291.75 2844.92  50 139162 
811 2823.12 1258.00 2844.92  50 139212 
812 2764.05 1278.51 2844.92  50 139262 
813 2652.33 1187.67 2844.92  50 139312 
814 2645.37 1130.12 2844.92  50 139362 
815 2785.02 1118.31 2844.92  50 139412 
816 2714.37 1160.48 2844.92  50 139462 
817 2782.79 1172.06 2844.92  50 139512 
818 2655.01 1150.57 2844.92  50 139562 
819 2674.40 1157.47 2844.92  50 139612 
820 2680.70 1105.57 2844.92  50 139662 
821 2560.74 1086.50 2844.92  50 139712 
822 2600.76 1112.00 2844.92  50 139762 
823 2659.01 1059.78 2844.92  50 139812 
824 2585.47 1100.56 2844.92  50 139862 
825 2768.37 1118.58 2844.92  50 139912 
826 2568.81 1062.59 2844.92  50 139962 
827 2728.60 1116.91 2844.92  50 140012 
828 2798.42 1140.64 2844.92  50 140062 
829 2725.50 1106.76 2844.92  50 140112 
830 2731.81 1111.19 2844.92  50 140162 
831 2801.57 1088.33 2844.92  50 140212 
832 2619.33 1089.10 2844.92  50 140262 
833 2827.03 1070.15 2844.92  50 140312 
834 2740.37 1051.62 2844.92  50 140362 
835 2620.71 1055.40 2844.92  50 140412 
836 2713.59 1086.12 2844.92  50 140462 
837 2821.46 1066.73 2844.92  50 140512 
838 2741.70 973.79 2844.92  50 140562 
839 2703.70 1025.01 2844.92  50 140612 
840 2820.46 976.28 2844.92  50 140662 
841 2570.49 961.91 2844.92  50 140712 
842 2771.31 983.51 2844.92  50 140762 
843 2869.85 989.19 2844.92  50 140812 
844 2720.40 1013.74 2869.85  50 140862 
845 2763.28 1048.50 2869.85  50 140912 
846 2603.92 1023.08 2869.85  50 140962 
847 2659.42 1084.91 2869.85  50 141012 
848 2831.29 1077.97 2869.85  50 141062 
849 2649.89 1110.26 2869.85  50 141112 
850 2765.56 1064.66 2869.85  50 141162 
851 2874.95 1070.87 2869.85  50 141212 
852 2776.53 1079.25 2874.95  50 141262 
853 2676.94 1059.71 2874.95  50 141312 
854 2780.91 1078.15 2874.95  50 141362 
855 2882.27 1087.52 2874.95  50 141412 
856 2730.82 1068.19 2882.27  50 141462 
857 2573.05 1050.20 2882.27  50 141512 
858 2711.66 1009.20 2882.27  50 141562 
859 2756.46 1146.29 2882.27  50 141612 
860 2842.69 1055.52 2882.27  50 141662 
861 2750.55 1090.23 2882.27  50 141712 
862 2844.20 1066.78 2882.27  50 141762 
863 2776.17 1094.50 2882.27  50 141812 
864 2809.74 1090.87 2882.27  50 141862 
865 2828.92 1052.60 2882.27  50 141912 
866 2675.21 1034.65 2882.27  50 141962 
867 2888.57 1127.43 2882.27  50 142012 
868 2707.54 1023.29 2888.57  50 142062 
869 2818.83 1045.66 2888.57  50 142112 
870 2749.50 1059.74 2888.57  50 142162 
871 2861.58 1087.48 2888.57  50 142212 
872 2817.13 984.12 2888.57  50 142262 
873 2773.65 1031.11 2888.57  50 142312 
874 2983.02 951.96 2888.57  50 142362 
875 2777.03 949.75 2983.02  50 142412 
876 2851.17 990.22 2983.02  50 142462 
877 2831.35 1033.75 2983.02  50 142512 
878 2815.98 1029.05 2983.02  50 142562 
879 2977.19 1021.71 2983.02  50 142612 
880 2828.07 1016.82 2983.02  50 142662 
881 2780.96 1024.92 2983.02  50 142712 
882 2748.34 984.96 2983.02  50 142762 
883 2850.55 973.28 2983.02  50 142812 
884 2792.15 1025.89 2983.02  50 142862 
885 2797.24 1032.13 2983.02  50 142912 
886 2887.51 989.14 2983.02  50 142962 
887 2846.15 980.92 2983.02  50 143012 
888 2879.73 1057.07 2983.02  50 143062 
889 2922.52 1031.29 2983.02  50 143112 
890 2783.39 991.76 2983.02  50 143162 
891 2793.86 1032.44 2983.02  50 143212 
892 2924.39 1035.16 2983.02  50 143262 
893 2801.16 991.07 2983.02  50 143312 
894 2788.83 985.17 2983.02  50 143362 
895 2881.65 1075.23 2983.02  50 143412 
896 2809.46 1058.14 2983.02  50 143462 
897 2788.12 1016.44 2983.02  50 143512 
898 2767.84 1029.76 2983.02  50 143562 
899 2773.46 996.60 2983.02  50 143612 
900 2866.49 1082.62 2983.02  50 143662 
901 2854.71 1038.85 2983.02  50 143712 
902 2773.52 1065.96 2983.02  50 143762 
903 2831.55 1048.27 2983.02  50 143812 
904 2627.73 1076.72 2983.02  50 143862 
905 2859.72 982.70 2983.02  50 143912 
906 2865.35 991.15 2983.02  50 143962 
907 2780.19 1053.79 2983.02  50 144012 
908 2910.27 996.77 2983.02  50 144062 
909 2924.57 1029.12 2983.02  50 144112 
910 2703.71 1078.60 2983.02  50 144162 
911 3041.43 1055.17 2983.02  50 144212 
912 2875.60 1067.94 3041.43  50 144262 
913 2932.28 988.73 3041.43  50 144312 
914 2767.53 1118.59 3041.43  50 144362 
915 2869.51 1033.90 3041.43  50 144412 
916 2820.19 1033.64 3041.43  50 144462 
917 2847.60 997.25 3041.43  50 144512 
918 3031.58 993.80 3041.43  50 144562 
919 2843.51 994.10 3041.43  50 144612 
920 2760.11 989.05 3041.43  50 144662 
921 2832.44 985.70 3041.43  50 144712 
922 2817.82 983.85 3041.43  50 144762 
923 2715.73 956.52 3041.43  50 144812 
924 2831.84 986.86 3041.43  50 144862 
925 2942.38 964.41 3041.43  50 144912 
926 2859.39 926.65 3041.43  50 144962 
927 2779.24 982.39 3041.43  50 145012 
928 2801.22 963.55 3041.43  50 145062 
929 2836.77 919.57 3041.43  50 145112 
930 2962.85 950.94 3041.43  50 145162 
931 2872.67 960.54 3041.43  50 145212 
932 2806.72 929.52 3041.43  50 145262 
933 2941.48 990.01 3041.43  50 145312 
934 2972.18 993.10 3041.43  50 145362 
935 2773.30 992.85 3041.43  50 145412 
936 2901.90 973.65 3041.43  50 145462 
937 2775.73 1034.86 3041.43  50 145512 
938 2815.23 1020.62 3041.43  50 145562 
939 2869.20 1048.69 3041.43  50 145612 
940 2891.61 1020.66 3041.43  50 145662 
941 2874.66 1059.57 3041.43  50 145712 
942 2873.70 1008.50 3041.43  50 145762 
943 2882.43 1083.55 3041.43  50 145812 
944 2785.36 1068.43 3041.43  50 145862 
945 2963.90 1012.12 3041.43  50 145912 
946 2911.04 997.15 3041.43  50 145962 
947 2973.25 1029.23 3041.43  50 146012 
948 2750.36 999.84 3041.43  50 146062 
949 2935.62 982.68 3041.43  50 146112 
950 2976.47 987.34 3041.43  50 146162 
951 2837.01 1003.51 3041.43  50 146212 
952 2778.76 1011.76 3041.43  50 146262 
953 2744.28 999.43 3041.43  50 146312 
954 2555.19 1035.71 3041.43  50 146362 
955 2901.30 1018.20 3041.43  50 146412 
956 2858.88 963.48 3041.43  50 146462 
957 2841.00 984.68 3041.43  50 146512 
958 2862.97 988.54 3041.43  50 146562 
959 2686.29 998.91 3041.43  50 146612 
960 2850.78 1011.66 3041.43  50 146662 
961 2806.22 1013.22 3041.43  50 146712 
962 2753.68 1010.38 3041.43  50 146762 
963 2877.46 985.47 3041.43  50 146812 
964 2952.64 947.52 3041.43  50 146862 
965 2934.72 1003.99 3041.43  50 146912 
966 2888.51 1040.77 3041.43  50 146962 
967 2855.69 1033.19 3041.43  50 147012 
968 2877.77 1003.94 3041.43  50 147062 
969 2820.77 989.14 3041.43  50 147112 
970 2917.05 998.57 3041.43  50 147162 
971 2828.29 965.76 3041.43  50 147212 
972 2954.22 957.09 3041.43  50 147262 
973 2751.11 963.55 3041.43  50 147312 
974 2976.22 979.08 3041.43  50 147362 
975 2933.80 964.40 3041.43  50 147412 
976 2853.88 948.09 3041.43  50 147462 
977 2842.69 959.82 3041.43  50 147512 
978 2709.87 903.26 3041.43  50 147562 
979 2835.00 934.38 3041.43  50 147612 
980 2749.82 937.58 3041.43  50 147662 
981 2885.95 894.58 3041.43  50 147712 
982 2845.56 906.27 3041.43  50 147762 
983 2704.27 913.66 3041.43  50 147812 
984 2837.84 889.09 3041.43  50 147862 
985 2745.08 923.58 3041.43  50 147912 
986 2812.56 879.36 3041.43  50 147962 
987 2753.53 909.59 3041.43  50 148012 
988 2833.97 915.93 3041.43  50 148062 
989 2802.34 930.21 3041.43  50 148112 
990 2667.46 905.63 3041.43  50 148162 
991 2981.10 900.17 3041.43  50 148212 
992 3031.40 890.58 3041.43  50 148262 
993 2955.90 880.85 3041.43  50 148312 
994 2877.42 887.61 3041.43  50 148362 
995 2947.82 895.77 3041.43  50 148412 
996 2899.56 903.18 3041.43  50 148462 
997 2939.38 889.49 3041.43  50 148512 
998 2914.24 930.67 3041.43  50 148562 
999 2748.63 905.88 3041.43  50 148612 
1000 3030.63 914.90 3041.43  50 148662 
1001 3035.53 909.49 3041.43  50 148712 
1002 2924.59 967.11 3041.43  50 148762 
1003 2996.52 936.80 3041.43  50 148812 
1004 3019.38 933.23 3041.43  50 148862 
1005 2991.40 902.53 3041.43  50 148912 
1006 3037.92 930.32 3041.43  50 148962 
1007 2971.20 945.15 3041.43  50 149012 
1008 3046.94 946.99 3041.43  50 149062 
1009 3108.80 927.04 3046.94  50 149112 
1010 2941.79 942.67 3108.80  50 149162 
1011 3080.44 945.02 3108.80  50 149212 
1012 2923.45 957.70 3108.80  50 149262 
1013 2951.84 947.14 3108.80  50 149312 
1014 2818.24 896.95 3108.80  50 149362 
1015 3062.31 934.22 3108.80  50 149412 
1016 2872.10 925.20 3108.80  50 149462 
1017 3030.61 944.57 3108.80  50 149512 
1018 2794.63 924.90 3108.80  50 149562 
1019 3110.12 946.38 3108.80  50 149612 
1020 3091.78 919.06 3110.12  50 149662 
1021 2847.14 928.74 3110.12  50 149712 
1022 2852.76 934.33 3110.12  50 149762 
1023 2928.84 947.98 3110.12  50 149812 
1024 2869.12 939.34 3110.12  50 149862 
1025 2935.92 928.25 3110.12  50 149912 
1026 2927.38 917.65 3110.12  50 149962 
1027 3019.53 915.24 3110.12  50 150012 
1028 3055.30 924.57 3110.12  50 150062 
1029 2962.34 905.31 3110.12  50 150112 
1030 3074.43 921.42 3110.12  50 150162 
1031 3005.22 895.70 3110.12  50 150212 
1032 2913.59 912.99 3110.12  50 150262 
1033 3073.12 906.21 3110.12  50 150312 
1034 3078.19 908.09 3110.12  50 150362 
1035 3030.45 886.29 3110.12  50 150412 
1036 3169.52 910.15 3110.12  50 150462 
1037 3088.49 932.65 3169.52  50 150512 
1038 3051.20 921.50 3169.52  50 150562 
1039 3101.71 904.33 3169.52  50 150612 
1040 3053.58 918.58 3169.52  50 150662 
1041 3030.85 929.61 3169.52  50 150712 
1042 3011.49 917.52 3169.52  50 150762 
1043 3051.57 938.68 3169.52  50 150812 
1044 2916.70 965.94 3169.52  50 150862 
1045 2931.73 959.51 3169.52  50 150912 
1046 3038.83 972.35 3169.52  50 150962 
1047 3042.75 999.40 3169.52  50 151012 
1048 2907.38 973.65 3169.52  50 151062 
1049 3046.10 971.42 3169.52  50 151112 
1050 3061.39 969.92 3169.52  50 151162 
1051 3085.04 1010.63 3169.52  50 151212 
1052 2948.90 966.18 3169.52  50 151262 
1053 2992.74 980.95 3169.52  50 151312 
1054 2878.61 994.81 3169.52  50 151362 
1055 3111.64 1023.52 3169.52  50 151412 
1056 2902.51 1012.57 3169.52  50 151462 
1057 3139.71 990.73 3169.52  50 151512 
1058 2904.88 1005.02 3169.52  50 151562 
1059 3073.81 1005.91 3169.52  50 151612 
1060 3112.96 969.33 3169.52  50 151662 
1061 2801.23 1008.58 3169.52  50 151712 
1062 3063.99 1015.64 3169.52  50 151762 
1063 3092.57 988.69 3169.52  50 151812 
1064 3022.15 1012.62 3169.52  50 151862 
1065 3090.96 1019.32 3169.52  50 151912 
1066 3140.57 978.06 3169.52  50 151962 
1067 3093.12 961.78 3169.52  50 152012 
1068 2908.77 1013.42 3169.52  50 152062 
1069 3148.31 1030.83 3169.52  50 152112 
1070 2814.32 1052.89 3169.52  50 152162 
1071 2903.97 1058.99 3169.52  50 152212 
1072 2977.21 1020.22 3169.52  50 152262 
1073 2993.17 1037.81 3169.52  50 152312 
1074 3068.50 1062.85 3169.52  50 152362 
1075 3012.01 1011.68 3169.52  50 152412 
1076 2910.62 1031.89 3169.52  50 152462 
1077 3058.68 1045.35 3169.52  50 152512 
1078 3026.96 1018.50 3169.52  50 152562 
1079 2935.18 1093.15 3169.52  50 152612 
1080 3002.70 1063.13 3169.52  50 152662 
1081 3190.99 1034.73 3169.52  50 152712 
1082 2851.19 1031.65 3190.99  50 152762 
1083 3008.59 1030.77 3190.99  50 152812 
1084 2936.02 1003.60 3190.99  50 152862 
1085 2922.54 990.11 3190.99  50 152912 
1086 3017.70 1020.79 3190.99  50 152962 
1087 2809.76 1016.25 3190.99  50 153012 
1088 2927.88 1012.63 3190.99  50 153062 
1089 3017.91 990.88 3190.99  50 153112 
1090 3011.50 1000.57 3190.99  50 153162 
1091 3039.41 1000.37 3190.99  50 153212 
1092 3029.36 1003.49 3190.99  50 153262 
1093 2732.66 985.81 3190.99  50 153312 
1094 2815.96 956.92 3190.99  50 153362 
1095 2981.56 962.62 3190.99  50 153412 
1096 2929.44 981.38 3190.99  50 153462 
1097 2957.23 969.76 3190.99  50 153512 
1098 3068.95 993.96 3190.99  50 153562 
1099 3103.93 981.28 3190.99  50 153612 
1100 3052.11 991.12 3190.99  50 153662 
1101 2945.20 996.73 3190.99  50 153712 
1102 2935.05 1001.28 3190.99  50 153762 
1103 3022.48 1016.12 3190.99  50 153812 
1104 2961.13 1055.80 3190.99  50 153862 
1105 2954.50 1052.37 3190.99  50 153912 
1106 3014.58 1080.60 3190.99  50 153962 
1107 3104.91 1049.83 3190.99  50 154012 
1108 3091.79 1112.63 3190.99  50 154062 
1109 2988.34 1021.09 3190.99  50 154112 
1110 2933.43 1057.09 3190.99  50 154162 
1111 3188.72 1057.47 3190.99  50 154212 
1112 3089.13 1012.92 3190.99  50 154262 
1113 2989.27 1071.72 3190.99  50 154312 
1114 3191.41 1083.33 3190.99  50 154362 
1115 3100.90 1044.62 3191.41  50 154412 
1116 2976.95 1085.03 3191.41  50 154462 
1117 2984.97 1032.57 3191.41  50 154512 
1118 3059.85 1040.60 3191.41  50 154562 
1119 3083.43 1064.98 3191.41  50 154612 
1120 2999.25 1033.05 3191.41  50 154662 
1121 2981.76 1020.85 3191.41  50 154712 
1122 2929.53 1035.54 3191.41  50 154762 
1123 3222.25 1009.00 3191.41  50 154812 
1124 3171.19 1033.58 3222.25  50 154862 
1125 3162.11 1168.71 3222.25  50 154912 
1126 3242.64 1081.53 3222.25  50 154962 
1127 3144.28 1142.99 3242.64  50 155012 
1128 3227.99 1092.67 3242.64  50 155062 
1129 3125.77 1138.12 3242.64  50 155112 
1130 3024.81 1087.21 3242.64  50 155162 
1131 3044.97 1041.54 3242.64  50 155212 
1132 2973.22 1123.25 3242.64  50 155262 
1133 3058.89 1093.20 3242.64  50 155312 
1134 3181.21 1129.92 3242.64  50 155362 
1135 3066.57 1075.06 3242.64  50 155412 
1136 3075.90 1038.26 3242.64  50 155462 
1137 3134.74 1076.10 3242.64  50 155512 
1138 3187.57 1082.08 3242.64  50 155562 
1139 3209.44 1076.76 3242.64  50 155612 
1140 3077.14 1049.81 3242.64  50 155662 
1141 3049.48 1028.59 3242.64  50 155712 
1142 3125.69 1030.41 3242.64  50 155762 
1143 3060.43 1036.50 3242.64  50 155812 
1144 3087.26 1008.70 3242.64  50 155862 
1145 3146.86 992.68 3242.64  50 155912 
1146 2891.13 1004.16 3242.64  50 155962 
1147 3064.89 1011.15 3242.64  50 156012 
1148 3140.69 1011.62 3242.64  50 156062 
1149 3094.67 1043.28 3242.64  50 156112 
1150 3113.48 1040.44 3242.64  50 156162 
1151 3220.18 1053.77 3242.64  50 156212 
1152 3041.46 963.05 3242.64  50 156262 
1153 2990.29 948.94 3242.64  50 156312 
1154 3059.32 966.90 3242.64  50 156362 
1155 3013.34 972.20 3242.64  50 156412 
1156 3113.53 967.13 3242.64  50 156462 
1157 3164.07 965.32 3242.64  50 156512 
1158 3030.16 983.09 3242.64  50 156562 
1159 3100.87 1011.96 3242.64  50 156612 
1160 2969.46 986.62 3242.64  50 156662 
1161 3036.64 979.77 3242.64  50 156712 
1162 3066.49 989.79 3242.64  50 156762 
1163 3187.06 991.16 3242.64  50 156812 
1164 3089.04 996.28 3242.64  50 156862 
1165 3062.48 1015.22 3242.64  50 156912 
1166 3100.41 1017.30 3242.64  50 156962 
1167 3043.04 1009.23 3242.64  50 157012 
1168 2988.86 1054.37 3242.64  50 157062 
1169 2911.25 1013.03 3242.64  50 157112 
1170 3159.70 1030.82 3242.64  50 157162 
1171 3047.04 1008.80 3242.64  50 157212 
1172 3045.59 1023.86 3242.64  50 157262 
1173 3150.59 1086.69 3242.64  50 157312 
1174 3077.47 1076.70 3242.64  50 157362 
1175 3016.06 1051.84 3242.64  50 157412 
1176 3161.97 1073.87 3242.64  50 157462 
1177 3301.39 1107.35 3242.64  50 157512 
1178 3139.95 1058.99 3301.39  50 157562 
1179 3191.78 1038.61 3301.39  50 157612 
1180 3049.14 1030.20 3301.39  50 157662 
1181 3015.65 1008.28 3301.39  50 157712 
1182 2974.93 1107.59 3301.39  50 157762 
1183 3189.18 1027.15 3301.39  50 157812 
1184 3073.91 1051.51 3301.39  50 157862 
1185 3175.25 1101.54 3301.39  50 157912 
1186 3152.81 1108.22 3301.39  50 157962 
1187 3107.72 1081.77 3301.39  50 158012 
1188 3226.39 1116.16 3301.39  50 158062 
1189 3237.91 1056.88 3301.39  50 158112 
1190 3151.67 1154.03 3301.39  50 158162 
1191 3218.67 1067.38 3301.39  50 158212 
1192 3228.59 1027.22 3301.39  50 158262 
1193 3088.31 993.58 3301.39  50 158312 
1194 3226.16 1022.63 3301.39  50 158362 
1195 3135.97 1031.55 3301.39  50 158412 
1196 3097.13 1017.25 3301.39  50 158462 
1197 3259.28 1060.03 3301.39  50 158512 
1198 3237.04 1023.40 3301.39  50 158562 
1199 3197.66 1038.25 3301.39  50 158612 
1200 3170.59 1061.72 3301.39  50 158662 
1201 3212.20 1058.78 3301.39  50 158712 
1202 3266.46 1026.06 3301.39  50 158762 
1203 3116.80 1046.61 3301.39  50 158812 
1204 3157.72 1060.37 3301.39  50 158862 
1205 3156.57 1047.22 3301.39  50 158912 
1206 3131.79 1058.47 3301.39  50 158962 
1207 3257.13 1116.63 3301.39  50 159012 
1208 3203.89 1137.04 3301.39  50 159062 
1209 3211.98 1090.83 3301.39  50 159112 
1210 3074.05 1027.63 3301.39  50 159162 
1211 3187.86 1088.40 3301.39  50 159212 
1212 3227.40 1119.07 3301.39  50 159262 
1213 3225.21 1054.08 3301.39  50 159312 
1214 3195.66 1033.55 3301.39  50 159362 
1215 3188.98 1108.78 3301.39  50 159412 
1216 3100.20 1124.14 3301.39  50 159462 
1217 3122.26 1074.80 3301.39  50 159512 
1218 3016.74 1096.77 3301.39  50 159562 
1219 3243.10 1122.02 3301.39  50 159612 
1220 3000.97 1054.71 3301.39  50 159662 
1221 3160.41 1108.78 3301.39  50 159712 
1222 3125.12 1144.24 3301.39  50 159762 
1223 3161.07 1067.41 3301.39  50 159812 
1224 3179.77 1140.29 3301.39  50 159862 
1225 3183.57 1134.20 3301.39  50 159912 
1226 3155.64 1153.35 3301.39  50 159962 
1227 3066.44 1075.67 3301.39  50 160012 
1228 3177.06 1099.56 3301.39  50 160062 
1229 3225.46 1102.80 3301.39  50 160112 
1230 3165.39 1016.76 3301.39  50 160162 
1231 3192.68 1079.55 3301.39  50 160212 
1232 3288.82 1095.97 3301.39  50 160262 
1233 3278.33 1039.61 3301.39  50 160312 
1234 3146.96 1000.42 3301.39  50 160362 
1235 3183.65 1041.85 3301.39  50 160412 
1236 3028.35 1032.15 3301.39  50 160462 
1237 2948.82 1048.98 3301.39  50 160512 
1238 3120.73 1092.83 3301.39  50 160562 
1239 3253.80 1027.39 3301.39  50 160612 
1240 3243.48 1103.11 3301.39  50 160662 
1241 3224.35 1102.43 3301.39  50 160712 
1242 3234.75 1058.14 3301.39  50 160762 
1243 3330.20 1098.82 3301.39  50 160812 
1244 3148.46 1077.30 3330.20  50 160862 
1245 3257.77 1183.01 3330.20  50 160912 
1246 3270.82 1086.69 3330.20  50 160962 
1247 3094.68 1101.85 3330.20  50 161012 
1248 3266.29 1155.42 3330.20  50 161062 
1249 3158.39 1134.43 3330.20  50 161112 
1250 3277.36 1254.91 3330.20  50 161162 
1251 3321.35 1238.85 3330.20  50 161212 
1252 3039.46 1140.15 3330.20  50 161262 
1253 3130.28 1164.67 3330.20  50 161312 
1254 3335.49 1147.84 3330.20  50 161362 
1255 3339.85 1087.52 3335.49  50 161412 
1256 3318.68 1103.89 3339.85  50 161462 
1257 3208.40 1111.41 3339.85  50 161512 
1258 3268.35 1062.15 3339.85  50 161562 
1259 3202.47 1146.51 3339.85  50 161612 
1260 3187.21 1261.91 3339.85  50 161662 
1261 3293.74 1199.14 3339.85  50 161712 
1262 3298.37 1203.46 3339.85  50 161762 
1263 3313.39 1155.32 3339.85  50 161812 
1264 3229.87 1188.98 3339.85  50 161862 
1265 3275.05 1269.47 3339.85  50 161912 
1266 3337.76 1273.67 3339.85  50 161962 
1267 3037.23 1201.90 3339.85  50 162012 
1268 3294.92 1302.17 3339.85  50 162062 
1269 3247.72 1112.56 3339.85  50 162112 
1270 3224.07 1150.57 3339.85  50 162162 
1271 3342.14 1180.98 3339.85  50 162212 
1272 3220.25 1181.76 3342.14  50 162262 
1273 3143.45 1206.70 3342.14  50 162312 
1274 3173.26 1142.66 3342.14  50 162362 
1275 3324.53 1120.34 3342.14  50 162412 
1276 3202.33 1165.27 3342.14  50 162462 
1277 3337.92 1181.26 3342.14  50 162512 
1278 3203.54 1114.34 3342.14  50 162562 
1279 3289.10 1143.10 3342.14  50 162612 
1280 3156.07 1187.76 3342.14  50 162662 
1281 3298.32 1263.20 3342.14  50 162712 
1282 3329.49 1151.98 3342.14  50 162762 
1283 3058.76 1257.37 3342.14  50 162812 
1284 3220.61 1153.31 3342.14  50 162862 
1285 3220.32 1160.58 3342.14  50 162912 
1286 3248.38 1157.33 3342.14  50 162962 
1287 3300.59 1260.24 3342.14  50 163012 
1288 3238.38 1317.39 3342.14  50 163062 
1289 3237.55 1092.26 3342.14  50 163112 
1290 3198.95 1215.84 3342.14  50 163162 
1291 3165.99 1286.05 3342.14  50 163212 
1292 3298.67 1169.57 3342.14  50 163262 
1293 3331.11 1206.90 3342.14  50 163312 
1294 3233.64 1247.36 3342.14  50 163362 
1295 3361.42 1152.68 3342.14  50 163412 
1296 3348.85 1163.98 3361.42  50 163462 
1297 3336.64 1019.52 3361.42  50 163512 
1298 3357.83 1192.21 3361.42  50 163562 
1299 3061.47 1196.77 3361.42  50 163612 
1300 3208.56 1161.68 3361.42  50 163662 
1301 3172.98 1261.73 3361.42  50 163712 
1302 3278.91 1162.61 3361.42  50 163762 
1303 3359.50 1134.83 3361.42  50 163812 
1304 3269.51 1164.80 3361.42  50 163862 
1305 3077.95 1117.78 3361.42  50 163912 
1306 3260.71 1069.58 3361.42  50 163962 
1307 3260.68 1050.13 3361.42  50 164012 
1308 3327.08 1045.20 3361.42  50 164062 
1309 3238.89 1083.13 3361.42  50 164112 
1310 3390.30 1056.18 3361.42  50 164162 
1311 3189.99 1105.30 3390.30  50 164212 
1312 3429.26 1156.38 3390.30  50 164262 
1313 3277.84 1032.47 3429.26  50 164312 
1314 3251.60 1032.95 3429.26  50 164362 
1315 3409.41 1128.17 3429.26  50 164412 
1316 3403.55 1163.49 3429.26  50 164462 
1317 3092.94 1063.37 3429.26  50 164512 
1318 3307.97 1097.16 3429.26  50 164562 
1319 3056.77 1074.02 3429.26  50 164612 
1320 3210.84 1131.38 3429.26  50 164662 
1321 3162.23 1138.90 3429.26  50 164712 
1322 3233.95 1091.39 3429.26  50 164762 
1323 3288.99 1106.13 3429.26  50 164812 
1324 3395.15 1033.13 3429.26  50 164862 
1325 3121.08 1091.22 3429.26  50 164912 
1326 3314.29 1077.42 3429.26  50 164962 
1327 3156.42 1088.05 3429.26  50 165012 
1328 3230.00 1069.15 3429.26  50 165062 
1329 3195.64 1053.77 3429.26  50 165112 
1330 3250.72 1022.07 3429.26  50 165162 
1331 3098.68 1036.94 3429.26  50 165212 
1332 3308.06 1048.79 3429.26  50 165262 
1333 3382.76 1032.39 3429.26  50 165312 
1334 3336.35 1040.10 3429.26  50 165362 
1335 3400.72 1014.92 3429.26  50 165412 
1336 3236.69 1034.33 3429.26  50 165462 
1337 3235.66 1048.25 3429.26  50 165512 
1338 3212.30 1069.37 3429.26  50 165562 
1339 3352.73 1031.74 3429.26  50 165612 
1340 3290.26 1073.50 3429.26  50 165662 
1341 3300.61 1063.68 3429.26  50 165712 
1342 3318.94 1039.41 3429.26  50 165762 
1343 3369.59 1145.27 3429.26  50 165812 
1344 3164.44 1061.52 3429.26  50 165862 
1345 3124.78 1085.26 3429.26  50 165912 
1346 3174.03 1130.57 3429.26  50 165962 
1347 3160.84 1192.35 3429.26  50 166012 
1348 3047.11 1157.74 3429.26  50 166062 
1349 3392.31 1121.32 3429.26  50 166112 
1350 3363.06 1120.60 3429.26  50 166162 
1351 3414.09 1080.02 3429.26  50 166212 
1352 3162.34 1155.68 3429.26  50 166262 
1353 3147.27 1080.88 3429.26  50 166312 
1354 3252.21 1089.99 3429.26  50 166362 
1355 3351.89 1067.56 3429.26  50 166412 
1356 3199.11 1092.69 3429.26  50 166462 
1357 3326.07 1185.91 3429.26  50 166512 
1358 3429.63 1132.90 3429.26  50 166562 
1359 3342.23 1131.39 3429.63  50 166612 
1360 3403.59 1195.07 3429.63  50 166662 
1361 3283.09 1195.09 3429.63  50 166712 
1362 3324.68 1204.82 3429.63  50 166762 
1363 3322.16 1252.34 3429.63  50 166812 
1364 3321.58 1172.52 3429.63  50 166862 
1365 3304.04 1092.15 3429.63  50 166912 
1366 3375.72 1168.18 3429.63  50 166962 
1367 3390.59 1050.89 3429.63  50 167012 
1368 3415.44 1066.19 3429.63  50 167062 
1369 3435.43 1130.17 3429.63  50 167112 
1370 3385.06 1164.74 3435.43  50 167162 
1371 3402.21 1060.54 3435.43  50 167212 
1372 3353.62 1092.60 3435.43  50 167262 
1373 3278.21 1120.20 3435.43  50 167312 
1374 3313.76 1090.31 3435.43  50 167362 
1375 3047.60 1062.06 3435.43  50 167412 
1376 3271.93 1088.31 3435.43  50 167462 
1377 3338.07 1130.00 3435.43  50 167512 
1378 3197.94 1104.82 3435.43  50 167562 
1379 3407.50 1095.04 3435.43  50 167612 
1380 3310.31 1145.64 3435.43  50 167662 
1381 3280.05 1058.00 3435.43  50 167712 
1382 3428.97 1162.97 3435.43  50 167762 
1383 3486.60 1164.03 3435.43  50 167812 
1384 3047.98 1247.13 3486.60  50 167862 
1385 3317.02 1338.37 3486.60  50 167912 
1386 3312.39 1127.44 3486.60  50 167962 
1387 3412.05 1274.36 3486.60  50 168012 
1388 3312.96 1292.71 3486.60  50 168062 
1389 3467.59 1203.03 3486.60  50 168112 
1390 3307.10 1332.48 3486.60  50 168162 
1391 3430.22 1309.44 3486.60  50 168212 
1392 3392.02 1313.72 3486.60  50 168262 
1393 3217.26 1324.09 3486.60  50 168312 
1394 3414.94 1388.31 3486.60  50 168362 
1395 3481.37 1106.36 3486.60  50 168412 
1396 3493.45 1252.18 3486.60  50 168462 
1397 3308.73 1316.55 3493.45  50 168512 
1398 3411.78 1097.35 3493.45  50 168562 
1399 3336.15 1198.51 3493.45  50 168612 
1400 3231.12 1099.51 3493.45  50 168662 
1401 3276.86 1134.25 3493.45  50 168712 
1402 3511.26 1110.21 3493.45  50 168762 
1403 3304.33 1181.54 3511.26  50 168812 
1404 3380.84 1135.60 3511.26  50 168862 
1405 3343.06 1185.39 3511.26  50 168912 
1406 3402.10 1099.22 3511.26  50 168962 
1407 3450.50 1233.65 3511.26  50 169012 
1408 3244.89 1138.47 3511.26  50 169062 
1409 3348.67 1084.73 3511.26  50 169112 
1410 3380.57 1127.42 3511.26  50 169162 
1411 3385.40 1163.10 3511.26  50 169212 
1412 3399.27 1083.77 3511.26  50 169262 
1413 3360.63 1033.41 3511.26  50 169312 
1414 3337.98 1047.16 3511.26  50 169362 
1415 3419.25 1075.05 3511.26  50 169412 
1416 3324.17 1058.30 3511.26  50 169462 
1417 3465.58 1114.55 3511.26  50 169512 
1418 3333.24 1065.42 3511.26  50 169562 
1419 3272.27 1073.98 3511.26  50 169612 
1420 3469.50 1084.79 3511.26  50 169662 
1421 3356.35 1035.81 3511.26  50 169712 
1422 3321.62 1042.40 3511.26  50 169762 
1423 3496.48 1018.80 3511.26  50 169812 
1424 3394.96 1067.02 3511.26  50 169862 
1425 3370.52 1025.04 3511.26  50 169912 
1426 3291.33 1005.88 3511.26  50 169962 
1427 3249.98 1001.48 3511.26  50 170012 
1428 3376.68 1030.53 3511.26  50 170062 
1429 3316.20 1062.05 3511.26  50 170112 
1430 3392.05 1045.94 3511.26  50 170162 
1431 3308.43 1075.22 3511.26  50 170212 
1432 3393.15 998.32 3511.26  50 170262 
1433 3463.40 1094.65 3511.26  50 170312 
1434 3460.86 1059.11 3511.26  50 170362 
1435 3433.65 1043.95 3511.26  50 170412 
1436 3205.54 1052.68 3511.26  50 170462 
1437 3323.93 1143.40 3511.26  50 170512 
1438 3331.59 1094.59 3511.26  50 170562 
1439 3415.67 1092.60 3511.26  50 170612 
1440 3378.08 1087.22 3511.26  50 170662 
1441 3353.61 1051.09 3511.26  50 170712 
1442 3283.81 1014.40 3511.26  50 170762 
1443 3492.29 1028.27 3511.26  50 170812 
1444 3355.02 1068.77 3511.26  50 170862 
1445 3233.70 1055.09 3511.26  50 170912 
1446 3341.68 1097.28 3511.26  50 170962 
1447 3313.62 1050.54 3511.26  50 171012 
1448 3390.55 1062.36 3511.26  50 171062 
1449 3297.03 1061.36 3511.26  50 171112 
1450 3344.28 1048.41 3511.26  50 171162 
1451 3476.32 1045.53 3511.26  50 171212 
1452 3513.10 1049.93 3511.26  50 171262 
1453 3485.05 1122.09 3513.10  50 171312 
1454 3348.28 1058.26 3513.10  50 171362 
1455 3415.81 1105.53 3513.10  50 171412 
1456 3447.67 1061.97 3513.10  50 171462 
1457 3370.35 1133.20 3513.10  50 171512 
1458 3401.50 1190.80 3513.10  50 171562 
1459 3512.64 1115.34 3513.10  50 171612 
1460 3478.20 1176.90 3513.10  50 171662 
1461 3416.81 1230.01 3513.10  50 171712 
1462 3403.88 1179.82 3513.10  50 171762 
1463 3476.06 1167.29 3513.10  50 171812 
1464 3415.68 1220.48 3513.10  50 171862 
1465 3537.63 1154.11 3513.10  50 171912 
1466 3371.73 1226.15 3537.63  50 171962 
1467 3429.18 1214.25 3537.63  50 172012 
1468 3419.21 1272.49 3537.63  50 172062 
1469 3504.71 1173.36 3537.63  50 172112 
1470 3456.39 1457.45 3537.63  50 172162 
1471 3602.76 1422.80 3537.63  50 172212 
1472 3553.45 1308.50 3602.76  50 172262 
1473 3515.75 1250.64 3602.76  50 172312 
1474 3393.15 1208.92 3602.76  50 172362 
1475 3261.99 1327.95 3602.76  50 172412 
1476 3383.45 1294.23 3602.76  50 172462 
1477 3397.80 1274.43 3602.76  50 172512 
1478 3497.69 1254.10 3602.76  50 172562 
1479 3502.55 1374.17 3602.76  50 172612 
1480 3498.16 1200.87 3602.76  50 172662 
1481 3444.02 1171.13 3602.76  50 172712 
1482 3264.62 1210.81 3602.76  50 172762 
1483 3365.57 1324.01 3602.76  50 172812 
1484 3458.96 1219.41 3602.76  50 172862 
1485 3475.02 1195.73 3602.76  50 172912 
1486 3594.17 1218.27 3602.76  50 172962 
1487 3552.73 1244.60 3602.76  50 173012 
1488 3568.99 1099.76 3602.76  50 173062 
1489 3410.72 1155.39 3602.76  50 173112 
1490 3309.89 1127.61 3602.76  50 173162 
1491 3348.09 1084.92 3602.76  50 173212 
1492 3521.19 1124.38 3602.76  50 173262 
1493 3481.42 1139.60 3602.76  50 173312 
1494 3358.84 1137.72 3602.76  50 173362 
1495 3402.90 1129.70 3602.76  50 173412 
1496 3533.24 1163.97 3602.76  50 173462 
1497 3426.32 1138.69 3602.76  50 173512 
1498 3446.03 1087.06 3602.76  50 173562 
1499 3508.84 1140.66 3602.76  50 173612 
1500 3539.07 1118.94 3602.76  50 173662 
1501 3279.46 1135.41 3602.76  50 173712 
1502 3463.39 1099.12 3602.76  50 173762 
1503 3373.18 1176.37 3602.76  50 173812 
1504 3529.45 1090.66 3602.76  50 173862 
1505 3251.81 1119.00 3602.76  50 173912 
1506 3524.16 1096.01 3602.76  50 173962 
1507 3321.03 1073.49 3602.76  50 174012 
1508 3439.88 1048.64 3602.76  50 174062 
1509 3284.43 1039.50 3602.76  50 174112 
1510 3510.61 1067.40 3602.76  50 174162 
1511 3417.51 1087.52 3602.76  50 174212 
1512 3545.85 1078.24 3602.76  50 174262 
1513 3508.01 1045.71 3602.76  50 174312 
1514 3589.72 1088.69 3602.76  50 174362 
1515 3405.52 1031.52 3602.76  50 174412 
1516 3402.26 1106.57 3602.76  50 174462 
1517 3373.41 1097.69 3602.76  50 174512 
1518 3549.76 1046.37 3602.76  50 174562 
1519 3482.08 1066.67 3602.76  50 174612 
1520 3455.33 1070.28 3602.76  50 174662 
1521 3492.73 1093.83 3602.76  50 174712 
1522 3551.58 1024.88 3602.76  50 174762 
1523 3432.46 1060.48 3602.76  50 174812 
1524 3592.75 1046.35 3602.76  50 174862 
1525 3619.94 1032.60 3602.76  50 174912 
1526 3387.60 1025.41 3619.94  50 174962 
1527 3426.51 1083.66 3619.94  50 175012 
1528 3485.43 1116.75 3619.94  50 175062 
1529 3393.17 1086.93 3619.94  50 175112 
1530 3517.02 1091.36 3619.94  50 175162 
1531 3432.72 1103.40 3619.94  50 175212 
1532 3587.61 1096.25 3619.94  50 175262 
1533 3578.82 1108.72 3619.94  50 175312 
1534 3509.57 1092.93 3619.94  50 175362 
1535 3651.55 1098.56 3619.94  50 175412 
1536 3293.57 1052.14 3651.55  50 175462 
1537 3517.49 1069.93 3651.55  50 175512 
1538 3506.18 1085.41 3651.55  50 175562 
1539 3646.55 1067.94 3651.55  50 175612 
1540 3549.19 1051.69 3651.55  50 175662 
1541 3522.03 1042.27 3651.55  50 175712 
1542 3460.33 1018.75 3651.55  50 175762 
1543 3526.75 1005.01 3651.55  50 175812 
1544 3627.01 1015.09 3651.55  50 175862 
1545 3699.58 1016.01 3651.55  50 175912 
1546 3634.99 973.43 3699.58  50 175962 
1547 3526.51 1029.51 3699.58  50 176012 
1548 3574.43 1001.05 3699.58  50 176062 
1549 3584.28 1008.56 3699.58  50 176112 
1550 3570.67 979.82 3699.58  50 176162 
1551 3460.77 1007.15 3699.58  50 176212 
1552 3477.69 1005.54 3699.58  50 176262 
1553 3422.77 1004.60 3699.58  50 176312 
1554 3258.76 979.86 3699.58  50 176362 
1555 3580.53 943.97 3699.58  50 176412 
1556 3534.91 958.30 3699.58  50 176462 
1557 3224.08 971.68 3699.58  50 176512 
1558 3587.68 968.10 3699.58  50 176562 
1559 3486.71 961.70 3699.58  50 176612 
1560 3240.42 986.81 3699.58  50 176662 
1561 3402.28 987.57 3699.58  50 176712 
1562 3483.53 1045.50 3699.58  50 176762 
1563 3513.44 965.63 3699.58  50 176812 
1564 3492.71 966.25 3699.58  50 176862 
1565 3529.36 1005.50 3699.58  50 176912 
1566 3491.34 1013.07 3699.58  50 176962 
1567 3600.54 1014.14 3699.58  50 177012 
1568 3509.39 1004.03 3699.58  50 177062 
1569 3573.36 1006.29 3699.58  50 177112 
1570 3474.91 1001.28 3699.58  50 177162 
1571 3606.48 986.87 3699.58  50 177212 
1572 3467.18 1037.17 3699.58  50 177262 
1573 3604.97 1028.86 3699.58  50 177312 
1574 3582.88 1029.42 3699.58  50 177362 
1575 3352.62 1015.05 3699.58  50 177412 
1576 3533.02 1002.51 3699.58  50 177462 
1577 3612.23 1041.73 3699.58  50 177512 
1578 3549.38 1032.20 3699.58  50 177562 
1579 3539.90 1077.25 3699.58  50 177612 
1580 3711.37 1030.91 3699.58  50 177662 
1581 3514.51 1020.91 3711.37  50 177712 
1582 3488.39 1018.12 3711.37  50 177762 
1583 3641.90 1025.09 3711.37  50 177812 
1584 3490.36 1010.17 3711.37  50 177862 
1585 3519.90 1057.47 3711.37  50 177912 
1586 3522.29 1032.05 3711.37  50 177962 
1587 3591.77 1053.41 3711.37  50 178012 
1588 3433.57 1023.14 3711.37  50 178062 
1589 3473.51 1057.77 3711.37  50 178112 
1590 3478.66 1033.45 3711.37  50 178162 
1591 3583.21 1130.57 3711.37  50 178212 
1592 3304.76 1030.45 3711.37  50 178262 
1593 3607.67 1012.99 3711.37  50 178312 
1594 3674.89 1096.01 3711.37  50 178362 
1595 3426.54 1056.55 3711.37  50 178412 
1596 3610.35 1026.05 3711.37  50 178462 
1597 3475.87 1111.00 3711.37  50 178512 
1598 3586.57 1109.81 3711.37  50 178562 
1599 3423.11 1030.19 3711.37  50 178612 
1600 3496.46 1034.99 3711.37  50 178662 
1601 3583.68 1106.14 3711.37  50 178712 
1602 3631.05 1068.54 3711.37  50 178762 
1603 3447.91 1049.07 3711.37  50 178812 
1604 3743.84 1071.33 3711.37  50 178862 
1605 3477.54 1055.48 3743.84  50 178912 
1606 3660.13 1052.26 3743.84  50 178962 
1607 3645.04 1028.38 3743.84  50 179012 
1608 3694.52 1002.97 3743.84  50 179062 
1609 3691.37 1071.69 3743.84  50 179112 
1610 3363.91 1057.76 3743.84  50 179162 
1611 3613.98 1076.00 3743.84  50 179212 
1612 3512.40 988.27 3743.84  50 179262 
1613 3536.63 1034.31 3743.84  50 179312 
1614 3610.96 1055.34 3743.84  50 179362 
1615 3536.11 1067.17 3743.84  50 179412 
1616 3558.83 988.44 3743.84  50 179462 
1617 3464.50 1062.77 3743.84  50 179512 
1618 3751.73 1046.51 3743.84  50 179562 
1619 3587.98 1074.08 3751.73  50 179612 
1620 3545.02 1027.86 3751.73  50 179662 
1621 3405.15 1028.73 3751.73  50 179712 
1622 3621.51 1029.04 3751.73  50 179762 
1623 3616.10 1030.44 3751.73  50 179812 
1624 3638.16 1019.31 3751.73  50 179862 
1625 3616.09 1003.08 3751.73  50 179912 
1626 3488.41 989.38 3751.73  50 179962 
1627 3735.65 1039.64 3751.73  50 180012 
1628 3639.45 1071.77 3751.73  50 180062 
1629 3790.83 1055.80 3751.73  50 180112 
1630 3526.70 1163.12 3790.83  50 180162 
1631 3593.18 1125.88 3790.83  50 180212 
1632 3558.38 1149.14 3790.83  50 180262 
1633 3501.46 1122.64 3790.83  50 180312 
1634 3690.57 1171.86 3790.83  50 180362 
1635 3413.64 1156.04 3790.83  50 180412 
1636 3590.27 1121.25 3790.83  50 180462 
1637 3637.29 1251.90 3790.83  50 180512 
1638 3677.12 1270.33 3790.83  50 180562 
1639 3541.78 1155.67 3790.83  50 180612 
1640 3685.00 1118.27 3790.83  50 180662 
1641 3716.41 1127.52 3790.83  50 180712 
1642 3777.64 1238.23 3790.83  50 180762 
1643 3736.13 1050.39 3790.83  50 180812 
1644 3528.07 1084.87 3790.83  50 180862 
1645 3462.66 1061.64 3790.83  50 180912 
1646 3595.32 1119.82 3790.83  50 180962 
1647 3630.22 1175.51 3790.83  50 181012 
1648 3654.50 1079.05 3790.83  50 181062 
1649 3681.92 1205.69 3790.83  50 181112 
1650 3579.56 1262.81 3790.83  50 181162 
1651 3679.49 1252.74 3790.83  50 181212 
1652 3734.81 1219.83 3790.83  50 181262 
1653 3640.10 1147.32 3790.83  50 181312 
1654 3497.47 1200.53 3790.83  50 181362 
1655 3745.12 1307.29 3790.83  50 181412 
1656 3670.54 1372.79 3790.83  50 181462 
1657 3487.39 1304.94 3790.83  50 181512 
1658 3574.02 1280.11 3790.83  50 181562 
1659 3521.55 1397.50 3790.83  50 181612 
1660 3479.32 1343.03 3790.83  50 181662 
1661 3652.65 1280.77 3790.83  50 181712 
1662 3517.01 1439.06 3790.83  50 181762 
1663 3608.85 1464.02 3790.83  50 181812 
1664 3661.47 1500.75 3790.83  50 181862 
1665 3704.12 1267.32 3790.83  50 181912 
1666 3603.36 1362.86 3790.83  50 181962 
1667 3386.74 1326.52 3790.83  50 182012 
1668 3642.24 1481.22 3790.83  50 182062 
1669 3530.05 1335.18 3790.83  50 182112 
1670 3610.59 1333.98 3790.83  50 182162 
1671 3641.65 1344.09 3790.83  50 182212 
1672 3589.88 1509.70 3790.83  50 182262 
1673 3775.05 1468.55 3790.83  50 182312 
1674 3579.49 1429.74 3790.83  50 182362 
1675 3660.13 1447.57 3790.83  50 182412 
1676 3635.94 1435.99 3790.83  50 182462 
1677 3632.33 1471.96 3790.83  50 182512 
1678 3482.35 1565.42 3790.83  50 182562 
1679 3471.76 1482.25 3790.83  50 182612 
1680 3630.28 1538.86 3790.83  50 182662 
1681 3781.14 1407.83 3790.83  50 182712 
1682 3550.97 1513.07 3790.83  50 182762 
1683 3752.01 1544.09 3790.83  50 182812 
1684 3816.60 1514.69 3790.83  50 182862 
1685 3757.43 1432.43 3816.60  50 182912 
1686 3685.65 1413.51 3816.60  50 182962 
1687 3643.42 1424.73 3816.60  50 183012 
1688 3833.76 1524.69 3816.60  50 183062 
1689 3619.28 1480.06 3833.76  50 183112 
1690 3593.01 1558.23 3833.76  50 183162 
1691 3706.70 1512.09 3833.76  50 183212 
1692 3701.81 1339.85 3833.76  50 183262 
1693 3746.08 1444.81 3833.76  50 183312 
1694 3668.76 1360.99 3833.76  50 183362 
1695 3626.63 1527.24 3833.76  50 183412 
1696 3737.15 1292.29 3833.76  50 183462 
1697 3456.43 1284.52 3833.76  50 183512 
1698 3739.45 1444.09 3833.76  50 183562 
1699 3595.97 1610.31 3833.76  50 183612 
1700 3821.23 1455.99 3833.76  50 183662 
1701 3737.64 1431.51 3833.76  50 183712 
1702 3675.33 1503.85 3833.76  50 183762 
1703 3719.54 1479.52 3833.76  50 183812 
1704 3684.73 1396.26 3833.76  50 183862 
1705 3623.87 1511.47 3833.76  50 183912 
1706 3658.80 1507.67 3833.76  50 183962 
1707 3499.50 1416.64 3833.76  50 184012 
1708 3758.53 1404.94 3833.76  50 184062 
1709 3547.28 1314.37 3833.76  50 184112 
1710 3785.30 1545.61 3833.76  50 184162 
1711 3657.12 1470.20 3833.76  50 184212 
1712 3520.43 1550.81 3833.76  50 184262 
1713 3396.62 1559.93 3833.76  50 184312 
1714 3751.38 1404.88 3833.76  50 184362 
1715 3631.03 1310.09 3833.76  50 184412 
1716 3788.75 1400.36 3833.76  50 184462 
1717 3793.91 1403.18 3833.76  50 184512 
1718 3557.09 1371.71 3833.76  50 184562 
1719 3764.22 1581.28 3833.76  50 184612 
1720 3710.01 1579.23 3833.76  50 184662 
1721 3745.94 1448.77 3833.76  50 184712 
1722 3606.58 1554.27 3833.76  50 184762 
1723 3828.07 1462.26 3833.76  50 184812 
1724 3896.77 1416.60 3833.76  50 184862 
1725 3754.18 1457.56 3896.77  50 184912 
1726 3828.11 1515.58 3896.77  50 184962 
1727 3727.20 1359.94 3896.77  50 185012 
1728 3801.56 1599.72 3896.77  50 185062 
1729 3806.57 1620.94 3896.77  50 185112 
1730 3756.60 1630.17 3896.77  50 185162 
1731 3637.33 1624.95 3896.77  50 185212 
1732 3792.62 1524.61 3896.77  50 185262 
1733 3643.80 1646.20 3896.77  50 185312 
1734 3752.67 1661.85 3896.77  50 185362 
1735 3652.12 1614.19 3896.77  50 185412 
1736 3650.49 1680.85 3896.77  50 185462 
1737 3797.53 1685.07 3896.77  50 185512 
1738 3863.47 1646.50 3896.77  50 185562 
1739 3578.37 1611.44 3896.77  50 185612 
1740 3669.00 1629.95 3896.77  50 185662 
1741 3832.82 1560.40 3896.77  50 185712 
1742 3833.88 1596.16 3896.77  50 185762 
1743 3578.11 1647.11 3896.77  50 185812 
1744 3856.17 1672.07 3896.77  50 185862 
1745 3796.50 1489.11 3896.77  50 185912 
1746 3813.83 1518.73 3896.77  50 185962 
1747 3742.00 1626.90 3896.77  50 186012 
1748 3858.51 1569.49 3896.77  50 186062 
1749 3653.71 1467.21 3896.77  50 186112 
1750 3712.04 1407.77 3896.77  50 186162 
1751 3760.78 1403.41 3896.77  50 186212 
1752 3659.51 1536.96 3896.77  50 186262 
1753 3700.14 1347.26 3896.77  50 186312 
1754 3671.18 1554.94 3896.77  50 186362 
1755 3597.28 1464.79 3896.77  50 186412 
1756 3586.35 1501.60 3896.77  50 186462 
1757 3517.24 1547.94 3896.77  50 186512 
1758 3770.32 1643.74 3896.77  50 186562 
1759 3787.71 1620.34 3896.77  50 186612 
1760 3905.24 1645.52 3896.77  50 186662 
1761 3671.02 1615.84 3905.24  50 186712 
1762 3553.99 1676.55 3905.24  50 186762 
1763 3641.91 1662.55 3905.24  50 186812 
1764 3797.81 1615.44 3905.24  50 186862 
1765 3792.90 1621.88 3905.24  50 186912 
1766 3760.65 1632.80 3905.24  50 186962 
1767 3924.77 1725.66 3905.24  50 187012 
1768 3902.10 1701.96 3924.77  50 187062 
1769 3808.01 1652.21 3924.77  50 187112 
1770 3702.31 1657.55 3924.77  50 187162 
1771 3663.92 1488.52 3924.77  50 187212 
1772 3796.34 1502.46 3924.77  50 187262 
1773 3740.44 1448.16 3924.77  50 187312 
1774 3703.68 1610.19 3924.77  50 187362 
1775 3620.02 1594.82 3924.77  50 187412 
1776 3582.92 1552.02 3924.77  50 187462 
1777 3642.46 1644.74 3924.77  50 187512 
1778 3844.68 1516.04 3924.77  50 187562 
1779 3455.14 1710.01 3924.77  50 187612 
1780 3674.10 1734.45 3924.77  50 187662 
1781 3738.34 1708.35 3924.77  50 187712 
1782 3345.22 1580.31 3924.77  50 187762 
1783 3680.89 1607.49 3924.77  50 187812 
1784 3636.54 1661.85 3924.77  50 187862 
1785 3878.03 1670.18 3924.77  50 187912 
1786 3799.95 1649.30 3924.77  50 187962 
1787 3462.02 1533.75 3924.77  50 188012 
1788 3720.80 1563.16 3924.77  50 188062 
1789 3688.25 1530.13 3924.77  50 188112 
1790 3753.27 1505.56 3924.77  50 188162 
1791 3780.98 1607.39 3924.77  50 188212 
1792 3746.00 1462.83 3924.77  50 188262 
1793 3702.58 1507.68 3924.77  50 188312 
1794 3839.36 1306.55 3924.77  50 188362 
1795 3821.20 1188.80 3924.77  50 188412 
1796 3770.82 1219.63 3924.77  50 188462 
1797 3723.13 1142.05 3924.77  50 188512 
1798 3773.02 1150.94 3924.77  50 188562 
1799 3835.17 1168.40 3924.77  50 188612 
1800 3754.58 1425.81 3924.77  50 188662 
1801 3838.82 1264.05 3924.77  50 188712 
1802 3748.23 1203.90 3924.77  50 188762 
1803 3554.53 1424.68 3924.77  50 188812 
1804 3835.41 1349.71 3924.77  50 188862 
1805 3639.05 1349.14 3924.77  50 188912 
1806 3581.93 1181.07 3924.77  50 188962 
1807 3588.69 1296.97 3924.77  50 189012 
1808 3753.26 1397.66 3924.77  50 189062 
1809 3768.08 1433.16 3924.77  50 189112 
1810 3662.83 1431.09 3924.77  50 189162 
1811 3780.28 1422.24 3924.77  50 189212 
1812 3756.74 1625.22 3924.77  50 189262 
1813 3882.51 1585.35 3924.77  50 189312 
1814 3814.90 1565.63 3924.77  50 189362 
1815 3694.94 1566.05 3924.77  50 189412 
1816 3737.78 1548.77 3924.77  50 189462 
1817 3567.08 1589.18 3924.77  50 189512 
1818 3858.71 1554.85 3924.77  50 189562 
1819 3592.39 1537.96 3924.77  50 189612 
1820 3702.70 1475.45 3924.77  50 189662 
1821 3706.63 1490.43 3924.77  50 189712 
1822 3808.23 1203.28 3924.77  50 189762 
1823 3753.43 1337.10 3924.77  50 189812 
1824 3642.98 1272.35 3924.77  50 189862 
1825 3804.93 1108.10 3924.77  50 189912 
1826 3759.71 1086.09 3924.77  50 189962 
1827 3786.98 1319.32 3924.77  50 190012 
1828 3839.26 1355.19 3924.77  50 190062 
1829 3809.84 1166.70 3924.77  50 190112 
1830 3700.45 1136.49 3924.77  50 190162 
1831 3739.05 1384.76 3924.77  50 190212 
1832 3863.42 1283.80 3924.77  50 190262 
1833 3860.77 1161.24 3924.77  50 190312 
1834 3838.43 1398.13 3924.77  50 190362 
1835 3731.03 1248.33 3924.77  50 190412 
1836 3719.86 1272.77 3924.77  50 190462 
1837 3784.79 1206.98 3924.77  50 190512 
1838 3849.05 1253.21 3924.77  50 190562 
1839 3917.69 1078.54 3924.77  50 190612 
1840 3683.01 1214.86 3924.77  50 190662 
1841 3843.20 1262.20 3924.77  50 190712 
1842 3613.05 1289.27 3924.77  50 190762 
1843 3671.76 1261.90 3924.77  50 190812 
1844 3629.78 1300.57 3924.77  50 190862 
1845 3745.04 1395.47 3924.77  50 190912 
1846 3755.22 1334.00 3924.77  50 190962 
1847 3847.74 1361.95 3924.77  50 191012 
1848 3669.20 1276.77 3924.77  50 191062 
1849 3822.68 1173.02 3924.77  50 191112 
1850 3473.00 1239.30 3924.77  50 191162 
1851 3876.94 1222.76 3924.77  50 191212 
1852 3773.06 1098.43 3924.77  50 191262 
1853 3720.44 1233.81 3924.77  50 191312 
1854 3887.04 1152.38 3924.77  50 191362 
1855 3685.48 1238.60 3924.77  50 191412 
1856 3954.94 1582.71 3924.77  50 191462 
1857 3776.69 1606.53 3954.94  50 191512 
1858 3746.44 1509.76 3954.94  50 191562 
1859 3898.35 1613.68 3954.94  50 191612 
1860 3785.16 1678.82 3954.94  50 191662 
1861 3939.49 1461.99 3954.94  50 191712 
1862 3839.25 1539.54 3954.94  50 191762 
1863 3931.57 1675.30 3954.94  50 191812 
1864 3873.74 1519.22 3954.94  50 191862 
1865 3899.22 1663.40 3954.94  50 191912 
1866 3952.28 1701.27 3954.94  50 191962 
1867 3765.19 1588.63 3954.94  50 192012 
1868 3879.63 1597.32 3954.94  50 192062 
1869 3918.44 1549.00 3954.94  50 192112 
1870 3780.59 1524.77 3954.94  50 192162 
1871 3973.25 1618.98 3954.94  50 192212 
1872 3952.73 1700.90 3973.25  50 192262 
1873 3904.77 1711.99 3973.25  50 192312 
1874 3875.83 1736.45 3973.25  50 192362 
1875 3799.13 1748.53 3973.25  50 192412 
1876 3888.44 1602.74 3973.25  50 192462 
1877 3877.12 1587.48 3973.25  50 192512 
1878 3864.03 1597.70 3973.25  50 192562 
1879 3843.01 1571.19 3973.25  50 192612 
1880 3880.94 1668.57 3973.25  50 192662 
1881 3803.66 1498.12 3973.25  50 192712 
1882 3842.25 1607.94 3973.25  50 192762 
1883 3871.48 1664.06 3973.25  50 192812 
1884 3824.25 1777.42 3973.25  50 192862 
1885 3833.38 1726.94 3973.25  50 192912 
1886 4011.76 1755.21 3973.25  50 192962 
1887 3955.46 1776.39 4011.76  50 193012 
1888 3879.82 1790.54 4011.76  50 193062 
1889 3702.58 1799.42 4011.76  50 193112 
1890 3792.82 1669.37 4011.76  50 193162 
1891 3900.65 1787.26 4011.76  50 193212 
1892 3802.79 1680.84 4011.76  50 193262 
1893 3945.09 1786.13 4011.76  50 193312 
1894 3787.65 1751.42 4011.76  50 193362 
1895 3818.58 1689.22 4011.76  50 193412 
1896 3872.25 1762.79 4011.76  50 193462 
1897 3788.08 1691.73 4011.76  50 193512 
1898 3939.90 1733.72 4011.76  50 193562 
1899 3551.86 1761.97 4011.76  50 193612 
1900 3711.73 1760.29 4011.76  50 193662 
1901 3913.20 1690.54 4011.76  50 193712 
1902 3771.94 1748.31 4011.76  50 193762 
1903 3987.39 1755.46 4011.76  50 193812 
1904 3895.90 1864.89 4011.76  50 193862 
1905 3906.97 1766.78 4011.76  50 193912 
1906 3982.83 1808.80 4011.76  50 193962 
1907 3968.27 1807.54 4011.76  50 194012 
1908 3657.67 1792.50 4011.76  50 194062 
1909 4012.78 1821.14 4011.76  50 194112 
1910 3904.82 1816.03 4012.78  50 194162 
1911 3960.01 1886.04 4012.78  50 194212 
1912 3971.15 1893.00 4012.78  50 194262 
1913 3914.55 1864.52 4012.78  50 194312 
1914 3844.91 1811.15 4012.78  50 194362 
1915 3819.66 1764.12 4012.78  50 194412 
1916 4062.61 1757.01 4012.78  50 194462 
1917 3960.62 1790.96 4062.61  50 194512 
1918 3903.66 1767.72 4062.61  50 194562 
1919 3805.36 1737.99 4062.61  50 194612 
1920 3816.04 1637.49 4062.61  50 194662 
1921 4009.37 1694.88 4062.61  50 194712 
1922 3896.79 1726.08 4062.61  50 194762 
1923 3911.60 1686.48 4062.61  50 194812 
1924 3709.75 1706.17 4062.61  50 194862 
1925 4023.88 1737.57 4062.61  50 194912 
1926 3892.73 1690.69 4062.61  50 194962 
1927 3771.78 1691.92 4062.61  50 195012 
1928 3760.79 1620.03 4062.61  50 195062 
1929 3919.23 1716.98 4062.61  50 195112 
1930 3727.34 1621.26 4062.61  50 195162 
1931 4012.32 1677.11 4062.61  50 195212 
1932 3886.78 1646.59 4062.61  50 195262 
1933 3912.69 1645.28 4062.61  50 195312 
1934 3677.06 1662.10 4062.61  50 195362 
1935 3838.43 1576.25 4062.61  50 195412 
1936 3826.08 1634.56 4062.61  50 195462 
1937 3624.09 1552.12 4062.61  50 195512 
1938 3862.18 1598.04 4062.61  50 195562 
1939 3745.85 1645.56 4062.61  50 195612 
1940 3991.23 1608.70 4062.61  50 195662 
1941 3820.91 1615.54 4062.61  50 195712 
1942 3820.40 1640.49 4062.61  50 195762 
1943 3977.72 1642.49 4062.61  50 195812 
1944 3771.55 1617.23 4062.61  50 195862 
1945 3757.13 1530.15 4062.61  50 195912 
1946 3941.85 1624.55 4062.61  50 195962 
1947 3962.40 1576.11 4062.61  50 196012 
1948 3871.45 1561.17 4062.61  50 196062 
1949 3792.98 1569.89 4062.61  50 196112 
1950 3872.55 1578.84 4062.61  50 196162 
1951 3817.92 1570.00 4062.61  50 196212 
1952 4017.32 1511.73 4062.61  50 196262 
1953 3898.66 1524.51 4062.61  50 196312 
1954 3801.92 1537.22 4062.61  50 196362 
1955 3682.92 1573.12 4062.61  50 196412 
1956 3886.65 1487.85 4062.61  50 196462 
1957 3715.12 1466.66 4062.61  50 196512 
1958 3862.05 1490.50 4062.61  50 196562 
1959 3881.68 1629.42 4062.61  50 196612 
1960 3762.86 1466.06 4062.61  50 196662 
1961 3970.79 1694.55 4062.61  50 196712 
1962 3808.25 1605.70 4062.61  50 196762 
1963 3981.44 1668.75 4062.61  50 196812 
1964 3989.20 1707.01 4062.61  50 196862 
1965 3986.95 1624.19 4062.61  50 196912 
1966 3919.57 1489.85 4062.61  50 196962 
1967 3918.62 1699.04 4062.61  50 197012 
1968 3828.61 1718.18 4062.61  50 197062 
1969 3796.64 1659.66 4062.61  50 197112 
1970 4046.23 1694.62 4062.61  50 197162 
1971 3976.16 1718.88 4062.61  50 197212 
1972 3996.58 1691.83 4062.61  50 197262 
1973 3890.07 1697.83 4062.61  50 197312 
1974 3876.33 1668.19 4062.61  50 197362 
1975 3959.66 1664.46 4062.61  50 197412 
1976 4007.07 1686.27 4062.61  50 197462 
1977 3965.57 1725.48 4062.61  50 197512 
1978 4063.30 1623.31 4062.61  50 197562 
1979 3885.70 1572.29 4063.30  50 197612 
1980 4099.64 1623.92 4063.30  50 197662 
1981 3923.76 1593.43 4099.64  50 197712 
1982 4106.07 1586.06 4099.64  50 197762 
1983 4081.79 1619.24 4106.07  50 197812 
1984 3961.55 1557.57 4106.07  50 197862 
1985 4095.60 1539.59 4106.07  50 197912 
1986 3997.55 1673.61 4106.07  50 197962 
1987 3989.50 1527.85 4106.07  50 198012 
1988 3783.80 1564.48 4106.07  50 198062 
1989 4013.06 1583.47 4106.07  50 198112 
1990 3897.42 1514.67 4106.07  50 198162 
1991 3986.94 1568.50 4106.07  50 198212 
1992 3764.95 1571.57 4106.07  50 198262 
1993 4013.32 1601.67 4106.07  50 198312 
1994 4082.27 1613.62 4106.07  50 198362 
1995 3983.23 1527.10 4106.07  50 198412 
1996 3932.10 1569.66 4106.07  50 198462 
1997 3948.38 1666.12 4106.07  50 198512 
1998 4076.81 1518.59 4106.07  50 198562 
1999 3945.00 1563.66 4106.07  50 198612 
