-333.514 770.453 -5345.978 -30.531 -333.514 400.000
-541.180 1244.295 -5304.594 -40.138 -541.180 400.000
-315.892 787.734 -5121.979 -27.198 -315.892 400.000
-384.530 941.075 -5115.868 -39.337 -384.530 400.000
-378.994 967.651 -5243.081 -24.904 -378.994 400.000
-399.007 1004.423 -5159.667 -34.860 -399.007 400.000
-468.812 1119.965 -5145.196 -30.051 -468.812 400.000
-356.544 879.561 -5016.056 -29.087 -356.544 400.000
-324.607 835.851 -5027.664 -28.136 -324.607 400.000
-340.860 877.779 -5074.545 -32.358 -340.860 400.000
-338.247 882.553 -5059.127 -33.055 -338.247 400.000
-295.817 711.489 -4987.468 -22.992 -295.817 400.000
-302.228 784.592 -4894.060 -32.557 -302.228 400.000
-310.219 840.532 -4916.239 -21.709 -310.219 400.000
-354.444 955.832 -4878.556 -27.917 -354.444 400.000
-289.097 747.061 -4877.926 -11.291 -289.097 400.000
-287.589 780.071 -4809.495 -36.094 -287.589 400.000
-240.144 607.256 -4993.241 -23.233 -240.144 400.000
-266.570 692.340 -4822.319 -31.174 -266.570 400.000
-232.097 624.797 -4712.247 -23.060 -232.097 400.000
-250.000 687.717 -4952.844 -28.831 -250.000 400.000
-283.150 768.590 -4832.241 -28.139 -283.150 400.000
-243.015 669.813 -4787.355 -23.316 -243.015 400.000
-186.755 465.052 -4823.681 -26.435 -186.755 400.000
-211.616 544.260 -4702.654 -24.598 -211.616 400.000
-260.218 705.049 -4675.505 -13.751 -260.218 400.000
-228.935 633.309 -4650.775 -28.384 -228.935 400.000
-316.284 839.597 -4712.420 -27.628 -316.284 400.000
-242.026 698.535 -4595.212 -14.022 -242.026 400.000
-258.440 721.156 -4681.243 -21.853 -258.440 400.000
-189.282 518.706 -4546.359 -20.074 -189.282 400.000
-183.620 455.423 -4442.133 -17.877 -183.620 400.000
-205.554 575.139 -4587.048 -23.276 -205.554 400.000
-176.839 476.812 -4449.814 -26.193 -176.839 400.000
-207.065 600.020 -4529.547 -20.449 -207.065 400.000
-189.559 476.568 -4356.749 -19.408 -189.559 400.000
-179.268 519.082 -4497.437 -24.164 -179.268 400.000
-175.869 477.874 -4434.472 -21.611 -175.869 400.000
-195.633 559.347 -4422.094 -25.620 -195.633 400.000
-228.063 676.777 -4379.249 -18.748 -228.063 400.000
-161.070 418.854 -4341.541 -20.978 -161.070 400.000
-146.499 368.649 -4319.279 -20.872 -146.499 400.000
-166.560 409.798 -4389.735 -19.888 -166.560 400.000
-172.690 499.667 -4425.410 -14.507 -172.690 400.000
-165.100 462.198 -4322.213 -18.773 -165.100 400.000
-115.092 149.235 -2654.356 -19.409 -115.092 400.000
-161.641 467.036 -4333.117 -16.493 -161.641 400.000
-184.151 502.165 -4371.534 -15.451 -184.151 400.000
-178.560 511.778 -4275.672 -26.676 -178.560 400.000
-145.917 380.643 -4190.074 -13.797 -145.917 400.000
-171.438 505.622 -4300.833 -17.519 -171.438 400.000
-152.491 407.140 -4149.685 -19.003 -152.491 400.000
-175.344 517.297 -4087.695 -16.906 -175.344 400.000
-195.063 560.516 -4263.610 -26.122 -195.063 400.000
-183.265 550.381 -4280.856 -17.622 -183.265 400.000
-193.517 585.486 -4308.730 -17.380 -193.517 400.000
-137.902 361.664 -4140.802 -19.231 -137.902 400.000
-148.694 396.211 -4107.975 -20.330 -148.694 400.000
-169.741 511.920 -4101.101 -8.690 -169.741 400.000
-129.423 317.439 -3957.956 -19.479 -129.423 400.000
-113.269 264.111 -4016.053 -18.566 -113.269 400.000
-119.620 283.031 -4069.911 -11.938 -119.620 400.000
-149.857 449.103 -3983.729 -14.845 -149.857 400.000
-144.385 462.374 -4072.808 -18.775 -144.385 400.000
-123.943 324.308 -3933.310 -21.285 -123.943 400.000
-145.457 415.071 -3897.282 -13.884 -145.457 400.000
-156.299 441.574 -3882.584 -23.590 -156.299 400.000
-108.202 266.504 -3849.296 -14.444 -108.202 400.000
-130.133 380.441 -3629.336 -16.107 -130.133 400.000
-131.721 401.759 -3724.514 -15.073 -131.721 400.000
-103.181 259.165 -3663.220 -12.464 -103.181 400.000
-123.875 348.605 -3601.159 -18.034 -123.875 400.000
-151.371 460.071 -3692.618 -17.545 -151.371 400.000
-142.897 459.399 -3703.954 -12.701 -142.897 400.000
-93.105 167.353 -2451.194 -15.543 -93.105 400.000
-113.776 343.708 -3536.844 -8.854 -113.776 400.000
-87.663 181.403 -3509.872 -11.112 -87.663 400.000
-135.957 429.076 -3584.722 -11.660 -135.957 400.000
-122.461 368.154 -3427.903 -17.885 -122.461 400.000
-128.329 406.596 -3438.557 -10.423 -128.329 400.000
-76.761 83.828 -1263.341 -21.087 -76.761 400.000
-95.772 276.883 -3265.416 -16.146 -95.772 400.000
-99.825 282.490 -3233.075 -18.081 -99.825 400.000
-79.395 168.924 -3211.191 -6.452 -79.395 400.000
-100.944 284.571 -3032.650 -9.155 -100.944 400.000
-88.737 238.079 -3044.451 -7.805 -88.737 400.000
-118.034 375.990 -3042.868 -6.670 -118.034 400.000
-92.678 251.733 -3056.839 -18.935 -92.678 400.000
-109.169 337.116 -3110.572 -14.623 -109.169 400.000
-77.261 203.913 -2933.866 -8.027 -77.261 400.000
-90.433 289.159 -2959.774 -10.427 -90.433 400.000
-97.780 319.094 -2957.232 -12.889 -97.780 400.000
-71.735 202.040 -2871.027 -8.034 -71.735 400.000
-111.431 362.043 -2862.447 -11.599 -111.431 400.000
-66.226 152.759 -2732.297 -5.555 -66.226 400.000
-84.302 231.670 -2776.337 -5.788 -84.302 400.000
-79.941 237.132 -2897.396 -9.108 -79.941 400.000
-68.059 137.555 -2639.907 -5.939 -68.059 400.000
-62.077 145.581 -2692.903 -5.867 -62.077 400.000
-79.535 259.537 -2650.371 -5.725 -79.535 400.000
-68.238 187.291 -2713.980 -10.797 -68.238 400.000
-84.396 275.047 -2564.259 -11.715 -84.396 400.000
-81.095 256.817 -2673.755 -3.545 -81.095 400.000
-84.388 291.437 -2625.763 -1.844 -84.388 400.000
-84.223 273.606 -2595.057 -4.554 -84.223 400.000
-81.918 269.345 -2600.337 -0.943 -81.918 400.000
-56.992 81.215 -1074.505 -5.601 -56.992 400.000
-50.066 34.353 -248.722 -2.646 -50.066 400.000
-66.511 209.578 -2457.794 -4.159 -66.511 400.000
-60.859 170.825 -2246.161 -5.775 -60.859 400.000
-66.923 211.512 -2346.081 -3.637 -66.923 400.000
-58.552 162.839 -2345.510 0.888 -58.552 400.000
-56.048 158.241 -2270.742 -7.631 -56.048 400.000
-53.655 138.445 -2141.737 -4.743 -53.655 400.000
-61.855 211.283 -2228.115 -3.373 -61.855 400.000
-57.606 179.802 -2226.486 -0.054 -57.606 400.000
-49.483 123.822 -2136.173 -1.002 -49.483 400.000
-43.528 41.495 -556.570 0.768 -43.528 400.000
-52.424 149.148 -2126.222 3.861 -52.424 400.000
-43.108 112.833 -2121.978 1.838 -43.108 400.000
-52.851 159.067 -2050.713 8.682 -52.851 400.000
-55.960 183.211 -1871.204 1.606 -55.960 400.000
-48.379 141.634 -2057.167 6.335 -48.379 400.000
-46.758 136.959 -1951.734 0.634 -46.758 400.000
-39.492 97.138 -1814.555 8.672 -39.492 400.000
-44.409 115.807 -1785.610 10.273 -44.409 400.000
-38.781 84.903 -1665.105 5.088 -38.781 400.000
-53.314 185.463 -1886.424 9.688 -53.314 400.000
-34.469 41.808 -722.283 3.518 -34.469 400.000
-49.030 161.152 -1715.090 -4.721 -49.030 400.000
-35.130 81.476 -1588.546 17.285 -35.130 400.000
-39.795 138.245 -1690.237 4.376 -39.795 400.000
-34.141 79.556 -1549.666 2.524 -34.141 400.000
-26.838 20.082 -145.165 1.342 -26.838 400.000
-31.389 76.127 -1498.354 6.681 -31.389 400.000
-32.467 79.619 -1500.580 11.920 -32.467 400.000
-27.683 47.429 -878.958 30.635 -27.683 400.000
-28.616 47.206 -868.135 20.277 -28.616 400.000
-29.215 73.666 -1443.407 10.119 -29.215 400.000
-34.239 116.232 -1413.731 9.653 -34.239 400.000
-31.993 97.004 -1371.850 26.994 -31.993 400.000
-26.062 71.487 -1407.727 12.221 -26.062 400.000
-28.981 90.982 -1336.945 6.816 -28.981 400.000
-29.336 85.576 -1225.598 15.429 -29.336 400.000
-35.557 122.804 -1269.339 30.339 -35.557 400.000
-26.686 77.926 -1320.881 17.277 -26.686 400.000
-32.930 121.633 -1293.604 23.831 -32.930 400.000
-24.278 56.797 -1102.509 12.302 -24.278 400.000
-24.905 77.277 -1115.184 21.424 -24.905 400.000
-21.840 53.525 -1040.071 17.311 -21.840 400.000
-17.686 18.054 -188.597 17.651 -17.686 400.000
-21.423 59.962 -1165.825 18.527 -21.423 400.000
-19.340 51.830 -995.963 13.041 -19.340 400.000
-21.039 56.509 -1082.488 25.938 -21.039 400.000
-18.706 52.683 -1025.153 51.821 -18.706 400.000
-19.823 51.689 -932.879 27.087 -19.823 400.000
-22.941 85.148 -1033.517 21.085 -22.941 400.000
-19.624 66.725 -970.175 25.062 -19.624 400.000
-18.310 61.240 -878.740 24.130 -18.310 400.000
-18.028 60.164 -847.582 16.391 -18.028 400.000
-22.521 83.987 -913.736 30.633 -22.521 400.000
-13.840 43.073 -825.706 31.637 -13.840 400.000
-15.607 54.844 -768.892 46.712 -15.607 400.000
-14.702 37.923 -700.756 40.606 -14.702 400.000
-17.326 67.545 -833.443 40.741 -17.326 400.000
-13.409 41.688 -785.069 55.878 -13.409 400.000
-14.741 50.362 -718.289 27.122 -14.741 400.000
-17.529 71.529 -759.584 35.721 -17.529 400.000
-14.380 50.905 -719.628 21.092 -14.380 400.000
-16.887 69.263 -733.245 30.508 -16.887 400.000
-12.769 35.333 -647.100 37.180 -12.769 400.000
-13.494 46.729 -624.593 36.013 -13.494 400.000
-18.206 76.863 -707.683 38.742 -18.206 400.000
-12.949 53.350 -648.897 35.558 -12.949 400.000
-9.558 28.736 -522.624 33.368 -9.558 400.000
-9.117 33.127 -556.611 38.078 -9.117 400.000
-10.312 39.772 -574.269 42.323 -10.312 400.000
-10.945 48.481 -599.519 30.612 -10.945 400.000
-17.899 78.432 -621.813 46.714 -17.899 400.000
-6.543 27.224 -479.428 37.467 -6.543 400.000
-7.615 33.607 -467.160 42.930 -7.615 400.000
-10.010 47.614 -496.532 34.977 -10.010 400.000
-10.316 55.702 -550.086 56.020 -10.316 400.000
-12.436 59.794 -486.148 43.613 -12.436 400.000
-7.182 40.655 -525.182 59.188 -7.182 400.000
-10.744 58.295 -472.045 52.149 -10.744 400.000
-4.964 23.787 -393.198 54.613 -4.964 400.000
-7.957 37.842 -367.002 38.020 -7.957 400.000
-2.342 22.000 -361.686 53.255 -2.342 400.000
-3.680 35.720 -340.057 78.156 -3.680 400.000
-4.532 36.047 -354.468 60.701 -4.532 400.000
-2.354 32.282 -359.849 99.697 -2.354 400.000
-2.637 28.168 -325.801 50.032 -2.637 400.000
-1.815 24.853 -243.412 59.177 -1.815 400.000
-4.585 37.397 -291.600 51.149 -4.585 400.000
-1.280 29.886 -285.074 53.357 -1.280 400.000
-0.202 27.096 -227.211 55.728 -0.202 400.000
3.440 18.212 -179.594 58.608 3.440 400.000
0.222 29.620 -228.726 73.871 0.222 400.000
1.365 22.619 -182.230 48.638 1.365 400.000
3.359 21.914 -160.632 86.906 3.359 400.000
3.403 21.405 -191.432 82.153 3.403 400.000
4.488 19.457 -150.184 58.395 4.488 400.000
4.507 21.690 -132.784 84.555 4.507 399.000
6.554 17.245 -104.988 98.632 6.554 399.000
6.521 17.217 -113.873 62.258 6.521 399.000
7.098 16.889 -89.856 71.484 7.098 399.000
9.242 15.986 -56.851 87.328 9.242 399.000
9.461 15.699 -38.987 76.255 9.461 398.000
8.310 17.485 -62.293 138.734 8.310 398.000
12.670 17.850 -77.468 85.941 12.670 399.000
14.240 19.863 -42.833 111.766 14.240 398.000
14.343 18.551 -44.766 192.624 14.343 397.000
16.602 20.040 -25.176 143.516 16.602 397.000
16.559 22.544 -56.101 147.008 16.559 397.000
17.460 25.532 -54.443 179.434 17.460 397.000
21.496 25.819 -37.026 133.527 21.496 396.000
20.173 25.918 -54.273 161.229 20.173 395.000
20.650 30.609 -31.060 191.051 20.650 396.000
24.898 34.987 -30.552 198.348 24.898 396.000
25.316 37.220 -26.846 243.114 25.316 395.000
29.638 45.910 -18.199 285.355 29.638 395.000
31.982 45.069 -40.643 258.249 31.982 394.000
29.891 42.493 -12.704 247.228 29.891 393.000
35.478 54.187 -23.497 279.236 35.478 394.000
37.480 57.521 -29.148 315.058 37.480 392.000
42.867 62.588 -20.525 309.285 42.867 392.000
51.920 77.889 -17.006 349.177 51.920 390.000
46.828 72.886 -33.663 352.725 46.828 388.000
57.488 88.702 -55.098 411.817 57.488 390.000
47.809 78.965 -9.517 344.516 47.809 387.000
57.491 90.665 -21.152 393.067 57.491 389.000
63.161 99.075 -13.003 397.018 63.161 387.000
69.853 106.723 -22.962 435.160 69.853 386.000
65.060 102.999 -11.180 425.097 65.060 384.000
72.897 113.224 -19.932 419.285 72.897 385.000
93.738 132.202 -12.497 421.032 93.738 383.000
95.289 136.245 -19.443 431.451 95.289 379.000
125.466 161.160 -3.552 523.823 125.466 378.000
137.588 166.484 -27.494 463.720 137.588 371.000
133.738 169.377 -12.088 497.267 133.738 368.000
175.096 191.374 -3.357 491.480 175.096 369.000
184.510 202.303 -37.839 529.247 184.510 360.000
218.351 213.438 -2.030 560.063 218.351 357.000
231.398 219.638 -7.095 575.488 231.398 350.000
226.018 224.527 -6.451 541.936 226.018 347.000
246.071 234.143 0.809 588.154 246.071 348.000
260.887 238.836 -7.046 600.064 260.887 343.000
303.383 240.715 -5.408 581.600 303.383 340.000
307.604 248.385 2.192 597.681 307.604 330.000
314.905 257.423 -5.183 645.562 314.905 329.000
333.406 258.951 -24.840 683.120 333.406 327.000
350.101 262.373 -8.143 682.749 350.101 323.000
359.722 268.734 1.363 682.633 359.722 319.000
394.060 263.043 2.735 663.716 394.060 317.000
354.637 276.480 1.529 659.717 354.637 309.000
357.979 281.652 2.813 730.166 357.979 318.000
405.953 279.658 -0.483 680.767 405.953 317.000
419.034 282.445 -1.552 721.840 419.034 306.000
414.082 289.530 -0.957 705.249 414.082 303.000
439.485 287.170 0.948 734.291 439.485 304.000
462.933 286.169 4.258 745.270 462.933 298.000
487.563 279.944 -15.686 762.102 487.563 292.000
511.001 276.465 3.104 765.169 511.001 287.000
493.017 287.968 2.760 754.290 493.017 281.000
478.988 308.001 0.035 823.701 478.988 285.000
503.214 304.735 4.990 806.551 503.214 289.000
482.886 309.935 6.872 781.413 482.886 283.000
557.744 286.363 2.959 787.821 557.744 288.000
544.365 293.910 4.949 798.815 544.365 270.000
582.860 279.178 5.009 814.537 582.860 273.000
581.480 278.012 8.709 871.643 581.480 264.000
584.565 283.483 3.926 824.405 584.565 265.000
598.708 293.077 2.774 853.797 598.708 264.000
596.776 299.314 2.747 902.118 596.776 261.000
627.934 279.795 5.564 858.375 627.934 261.000
631.097 285.389 5.944 878.361 631.097 254.000
657.788 262.742 5.965 897.065 657.788 253.000
626.202 296.884 4.239 976.392 626.202 247.000
657.164 280.635 6.300 905.690 657.164 254.000
667.222 279.483 2.911 863.017 667.222 247.000
688.287 267.880 7.401 885.224 688.287 245.000
724.509 234.007 4.197 896.846 724.509 240.000
712.167 257.890 -0.061 897.438 712.167 231.000
716.976 262.021 3.576 898.269 716.976 234.000
733.841 252.726 5.934 947.577 733.841 233.000
737.826 253.660 1.981 985.659 737.826 229.000
758.814 240.238 8.684 1083.593 758.814 228.000
775.780 227.321 5.807 1073.763 775.780 223.000
778.313 223.652 9.842 1051.097 778.313 219.000
811.928 189.109 6.139 1048.721 811.928 219.000
831.615 166.104 10.545 1053.898 831.615 211.000
832.309 196.059 15.495 1051.610 832.309 206.000
849.068 195.514 10.430 1111.806 849.068 206.000
870.624 200.047 13.262 1149.806 870.624 202.000
867.037 234.248 13.715 1192.127 867.037 197.000
885.409 227.756 12.510 1175.962 885.409 198.000
893.390 240.203 8.961 1269.473 893.390 194.000
927.642 229.503 9.934 1264.671 927.642 192.000
959.928 227.091 9.863 1299.171 959.928 184.000
1019.521 169.232 27.987 1360.298 1019.521 177.000
1054.440 200.900 13.101 1417.530 1054.440 163.000
1016.675 283.557 43.847 1439.874 1016.675 154.000
1074.275 303.116 8.516 1491.545 1074.275 163.000
1111.799 290.889 39.585 1513.024 1111.799 150.000
1122.978 311.167 31.079 1518.165 1122.978 141.000
1189.504 336.321 61.494 1589.202 1189.504 138.000
1102.960 393.276 21.235 1584.821 1102.960 123.000
1245.542 333.078 52.650 1614.263 1245.542 143.000
1277.357 316.041 165.701 1658.314 1277.357 110.000
1237.618 372.448 69.794 1734.971 1237.618 102.000
1335.623 339.460 155.409 1682.882 1335.623 112.000
1259.560 417.584 19.065 1746.139 1259.560 89.000
1364.183 338.541 140.302 1754.295 1364.183 107.000
1305.750 416.375 169.536 1747.304 1305.750 82.000
1394.776 405.815 25.873 1829.484 1394.776 96.000
1489.933 296.727 64.153 1802.640 1489.933 75.000
1386.122 507.717 21.956 1891.477 1386.122 53.000
1491.304 376.546 9.296 1893.495 1491.304 77.000
1428.391 402.648 100.711 1830.428 1428.391 53.000
1355.281 465.249 71.258 1977.238 1355.281 67.000
1404.204 485.341 17.634 1859.954 1404.204 84.000
1397.238 497.366 27.675 1863.204 1397.238 73.000
1534.026 444.755 23.855 1914.970 1534.026 74.000
1532.333 444.796 134.416 1964.847 1532.333 50.000
1484.236 442.385 83.639 1965.152 1484.236 50.000
1550.828 491.597 30.687 1927.919 1550.828 54.000
1604.946 412.532 94.715 1907.338 1604.946 50.000
1539.622 456.775 179.987 1969.751 1539.622 50.000
1675.027 362.546 62.910 1989.026 1675.027 50.000
1578.674 441.793 448.601 2054.262 1578.674 50.000
1559.467 467.581 500.851 2038.345 1559.467 50.000
1624.322 387.556 489.986 2024.228 1624.322 50.000
1503.582 521.090 46.942 2020.449 1503.582 50.000
1655.488 452.285 77.441 2004.754 1655.488 50.000
1653.059 504.148 74.329 2015.068 1653.059 50.000
1687.941 460.638 272.104 2071.777 1687.941 50.000
1797.046 440.993 11.175 2070.972 1797.046 50.000
1781.969 411.097 401.349 2112.152 1781.969 50.000
1813.870 405.396 60.629 2107.838 1813.870 50.000
1789.422 322.547 860.924 2076.782 1789.422 50.000
1806.591 400.510 499.393 2135.712 1806.591 50.000
1806.630 457.918 68.752 2122.565 1806.630 50.000
1684.263 489.643 225.641 2163.983 1684.263 50.000
1822.894 426.536 50.587 2155.314 1822.894 50.000
1753.715 413.600 874.732 2135.264 1753.715 50.000
1796.547 422.346 260.520 2180.843 1796.547 50.000
1794.289 408.181 169.845 2136.441 1794.289 50.000
1795.902 441.975 23.757 2166.262 1795.902 50.000
1822.573 432.122 338.180 2167.915 1822.573 50.000
1890.026 348.560 848.104 2142.403 1890.026 50.000
1710.289 532.661 195.554 2195.428 1710.289 50.000
1863.668 398.837 205.846 2157.933 1863.668 50.000
1740.612 557.612 30.604 2179.990 1740.612 50.000
1770.131 453.215 532.830 2155.557 1770.131 50.000
1841.937 436.719 82.893 2207.995 1841.937 50.000
1762.542 510.064 150.957 2140.630 1762.542 50.000
1957.554 385.418 182.485 2185.503 1957.554 50.000
1892.813 425.448 27.157 2187.170 1892.813 50.000
1917.246 407.423 258.201 2202.013 1917.246 50.000
1878.664 397.660 714.326 2197.647 1878.664 50.000
1969.505 264.196 1133.536 2216.455 1969.505 50.000
1831.440 501.177 127.940 2196.023 1831.440 50.000
1949.738 415.253 698.765 2246.473 1949.738 50.000
1788.443 534.957 139.063 2291.584 1788.443 50.000
1898.636 436.904 747.602 2273.299 1898.636 50.000
1961.761 360.433 847.833 2245.422 1961.761 50.000
1826.476 538.799 128.822 2274.386 1826.476 50.000
1948.490 389.937 857.577 2276.304 1948.490 50.000
1851.257 465.321 833.067 2228.003 1851.257 50.000
1956.621 407.492 844.136 2283.418 1956.621 50.000
1875.373 464.957 670.772 2278.586 1875.373 50.000
1830.093 528.172 161.541 2245.126 1830.093 50.000
2030.162 372.435 242.911 2258.430 2030.162 50.000
1946.521 518.693 101.907 2346.809 1946.521 50.000
1941.519 446.405 689.244 2294.745 1941.519 50.000
2015.779 359.101 843.637 2329.363 2015.779 50.000
1894.790 508.418 65.679 2310.846 1894.790 50.000
1840.852 487.713 805.730 2382.622 1840.852 50.000
2024.243 361.291 828.699 2321.650 2024.243 50.000
2061.645 315.805 994.637 2309.941 2061.645 50.000
1898.042 476.549 832.849 2329.262 1898.042 50.000
1889.309 485.754 833.583 2330.921 1889.309 50.000
1920.318 444.137 848.355 2304.541 1920.318 50.000
2054.676 380.181 834.804 2338.268 2054.676 50.000
1974.449 506.749 25.616 2347.737 1974.449 50.000
2070.498 409.011 501.202 2410.560 2070.498 50.000
1899.681 483.500 869.639 2381.815 1899.681 50.000
1849.390 527.881 331.109 2322.551 1849.390 50.000
2132.388 260.181 1231.217 2417.885 2132.388 50.000
2042.035 440.542 495.404 2381.511 2042.035 50.000
2052.978 404.445 834.365 2348.484 2052.978 50.000
1921.068 550.738 108.196 2314.305 1921.068 50.000
2089.540 394.278 62.512 2392.273 2089.540 50.000
2032.187 391.230 820.630 2373.390 2032.187 50.000
2019.601 404.386 889.034 2367.441 2019.601 50.000
2056.518 436.715 844.356 2370.890 2056.518 50.000
1933.465 583.099 33.058 2372.542 1933.465 50.000
1912.573 490.523 819.790 2398.180 1912.573 50.000
2008.555 480.966 612.198 2404.424 2008.555 50.000
1928.786 577.669 19.066 2412.617 1928.786 50.000
1947.008 449.608 927.451 2372.186 1947.008 50.000
1898.632 562.376 452.248 2416.365 1898.632 50.000
2025.745 449.874 839.036 2384.323 2025.745 50.000
2035.123 458.455 803.995 2380.779 2035.123 50.000
2063.527 436.283 883.390 2377.217 2063.527 50.000
2057.566 508.987 59.933 2386.619 2057.566 50.000
2051.439 475.694 453.266 2404.915 2051.439 50.000
2056.315 450.754 154.065 2359.997 2056.315 50.000
1958.017 545.322 182.196 2416.385 1958.017 50.000
2043.297 452.233 316.000 2364.696 2043.297 50.000
2018.684 503.900 809.381 2363.984 2018.684 50.000
1969.167 559.963 189.145 2387.946 1969.167 50.000
2034.162 543.489 183.376 2423.948 2034.162 50.000
2048.853 404.266 889.469 2401.766 2048.853 50.000
1986.121 531.754 53.456 2450.178 1986.121 50.000
1989.457 510.607 764.062 2395.256 1989.457 50.000
1943.609 536.003 300.260 2373.961 1943.609 50.000
1984.679 500.418 809.936 2420.870 1984.679 50.000
2054.320 474.671 593.187 2382.723 2054.320 50.000
2094.772 410.996 350.789 2388.414 2094.772 50.000
2137.865 388.950 810.801 2380.909 2137.865 50.000
2034.350 586.701 92.209 2395.569 2034.350 50.000
2124.014 388.357 832.652 2396.785 2124.014 50.000
2089.602 459.302 824.449 2412.717 2089.602 50.000
2190.712 304.012 933.923 2432.923 2190.712 50.000
2076.047 417.611 729.752 2389.791 2076.047 50.000
2146.038 391.910 826.550 2426.096 2146.038 50.000
2004.665 543.106 603.972 2426.637 2004.665 50.000
2146.721 404.819 468.076 2449.819 2146.721 50.000
2154.656 373.078 875.075 2398.813 2154.656 50.000
2169.320 368.254 812.312 2395.117 2169.320 50.000
2142.924 424.153 831.258 2479.175 2142.924 50.000
2088.838 501.523 823.761 2463.066 2088.838 50.000
2100.360 506.151 616.226 2457.629 2100.360 50.000
2102.598 440.818 818.263 2452.661 2102.598 50.000
2063.318 465.609 806.350 2425.426 2063.318 50.000
2127.123 389.144 802.668 2423.159 2127.123 50.000
2155.146 477.285 310.071 2436.583 2155.146 50.000
2069.146 542.843 37.295 2432.871 2069.146 50.000
2151.586 423.655 817.771 2441.093 2151.586 50.000
2198.582 319.396 778.363 2413.570 2198.582 50.000
2254.332 267.665 1231.673 2487.541 2254.332 50.000
2210.109 434.469 391.099 2516.523 2210.109 50.000
2242.264 307.580 1042.095 2489.762 2242.264 50.000
2171.472 468.951 817.513 2522.722 2171.472 50.000
2171.480 425.484 761.918 2480.699 2171.480 50.000
2065.326 525.697 847.866 2499.354 2065.326 50.000
2178.065 501.800 33.565 2512.140 2178.065 50.000
2177.761 472.455 807.030 2514.334 2177.761 50.000
2186.455 444.227 791.461 2479.121 2186.455 50.000
2132.500 447.033 848.265 2478.602 2132.500 50.000
2260.394 312.169 985.153 2469.206 2260.394 50.000
2201.508 486.073 9.822 2505.954 2201.508 50.000
2066.499 599.185 145.811 2524.613 2066.499 50.000
2135.131 509.503 815.755 2532.429 2135.131 50.000
2188.470 441.291 632.751 2512.458 2188.470 50.000
2160.201 451.323 467.028 2477.567 2160.201 50.000
2218.338 431.567 777.667 2487.570 2218.338 50.000
2121.403 531.789 780.447 2535.995 2121.403 50.000
2301.058 353.767 812.292 2515.730 2301.058 50.000
2081.335 527.421 794.900 2530.237 2081.335 50.000
2168.237 524.058 71.149 2486.946 2168.237 50.000
2326.989 284.169 943.752 2519.790 2326.989 50.000
2104.794 487.929 825.016 2508.714 2104.794 50.000
2214.059 520.609 15.770 2474.450 2214.059 50.000
2080.405 536.092 634.621 2511.454 2080.405 50.000
2224.889 393.009 948.996 2531.728 2224.889 50.000
2172.475 477.755 827.405 2518.302 2172.475 50.000
2255.008 427.342 524.218 2503.933 2255.008 50.000
2257.734 415.076 344.255 2504.115 2257.734 50.000
2272.726 356.835 963.070 2541.632 2272.726 50.000
2303.893 359.490 886.645 2517.191 2303.893 50.000
2183.408 476.530 707.326 2496.662 2183.408 50.000
2304.849 316.407 804.680 2505.539 2304.849 50.000
2278.409 349.844 976.291 2522.810 2278.409 50.000
2225.636 460.890 138.622 2601.152 2225.636 50.000
2335.140 295.790 835.888 2525.318 2335.140 50.000
2280.101 382.921 863.276 2522.926 2280.101 50.000
2316.214 388.355 875.541 2551.587 2316.214 50.000
2287.916 328.026 827.048 2510.869 2287.916 50.000
2144.696 495.104 946.269 2570.704 2144.696 50.000
2262.117 420.708 894.675 2556.196 2262.117 50.000
2244.052 506.662 400.322 2588.081 2244.052 50.000
2309.308 421.766 324.921 2538.405 2309.308 50.000
2366.507 325.051 571.635 2547.922 2366.507 50.000
2374.684 286.024 1048.438 2566.369 2374.684 50.000
2332.371 386.059 848.877 2587.954 2332.371 50.000
2264.450 549.828 79.204 2592.774 2264.450 50.000
2367.978 264.911 948.106 2548.466 2367.978 50.000
2304.021 357.700 812.921 2578.103 2304.021 50.000
2397.269 257.745 1381.491 2628.189 2397.269 50.000
2264.245 461.984 814.190 2595.807 2264.245 50.000
2264.341 495.359 810.958 2552.919 2264.341 50.000
2290.509 493.720 657.974 2545.979 2290.509 50.000
2299.289 477.198 811.096 2556.522 2299.289 50.000
2222.324 436.546 812.400 2593.309 2222.324 50.000
2370.740 304.490 891.058 2572.349 2370.740 50.000
2299.383 381.511 1123.166 2596.532 2299.383 50.000
2301.023 400.475 814.805 2593.758 2301.023 50.000
2325.454 355.451 814.418 2589.323 2325.454 50.000
2258.839 511.508 280.862 2578.195 2258.839 50.000
2240.128 518.242 33.282 2647.525 2240.128 50.000
2244.332 473.014 623.525 2581.317 2244.332 50.000
2342.204 349.184 862.741 2604.418 2342.204 50.000
2270.949 449.319 827.544 2578.622 2270.949 50.000
2219.040 514.728 434.221 2610.198 2219.040 50.000
2211.375 516.474 808.982 2611.003 2211.375 50.000
2431.800 253.682 950.874 2599.159 2431.800 50.000
2362.185 382.764 932.880 2614.121 2362.185 50.000
2301.162 470.878 329.337 2623.579 2301.162 50.000
2272.996 441.153 824.429 2597.733 2272.996 50.000
2255.396 524.334 343.838 2604.086 2255.396 50.000
2371.290 398.639 763.277 2611.887 2371.290 50.000
2300.153 509.733 426.022 2611.551 2300.153 50.000
2365.555 353.503 920.300 2606.204 2365.555 50.000
2201.676 584.445 231.657 2631.878 2201.676 50.000
2310.719 523.497 65.132 2611.575 2310.719 50.000
2371.535 365.592 1008.456 2655.114 2371.535 50.000
2333.209 443.196 909.228 2654.389 2333.209 50.000
2326.032 465.026 814.989 2621.480 2326.032 50.000
2402.953 394.278 645.810 2638.944 2402.953 50.000
2341.162 478.141 177.449 2637.474 2341.162 50.000
2375.303 391.486 695.304 2597.433 2375.303 50.000
2357.919 436.477 838.883 2651.777 2357.919 50.000
2406.952 353.744 828.103 2619.928 2406.952 50.000
2386.179 424.708 535.298 2654.528 2386.179 50.000
2399.057 395.510 673.858 2628.849 2399.057 50.000
2422.167 302.906 1077.596 2635.516 2422.167 50.000
2356.036 464.036 252.617 2642.543 2356.036 50.000
2405.496 312.928 1176.784 2639.735 2405.496 50.000
2304.230 524.976 245.405 2638.482 2304.230 50.000
2410.420 325.488 1236.754 2673.350 2410.420 50.000
2284.437 519.896 429.677 2642.180 2284.437 50.000
2339.011 461.768 297.792 2666.325 2339.011 50.000
2324.014 444.479 672.252 2652.176 2324.014 50.000
2393.619 334.273 1414.265 2660.894 2393.619 50.000
2246.622 535.726 248.685 2718.148 2246.622 50.000
2316.799 440.077 1011.721 2651.298 2316.799 50.000
2291.652 494.818 878.911 2632.343 2291.652 50.000
2366.207 407.955 1064.983 2629.257 2366.207 50.000
2365.268 413.500 1032.983 2623.066 2365.268 50.000
2436.416 331.699 846.121 2636.042 2436.416 50.000
2345.949 437.983 461.620 2620.675 2345.949 50.000
2358.139 488.425 839.875 2688.360 2358.139 50.000
2432.030 337.466 931.169 2703.420 2432.030 50.000
2370.861 384.799 819.505 2653.713 2370.861 50.000
2313.629 476.475 892.370 2613.059 2313.629 50.000
2317.749 527.581 23.077 2690.705 2317.749 50.000
2364.929 455.280 328.245 2645.916 2364.929 50.000
2472.727 261.619 1397.487 2646.782 2472.727 50.000
2400.494 384.080 920.726 2676.088 2400.494 50.000
2499.280 228.431 1290.171 2679.948 2499.280 50.000
2413.278 422.527 498.168 2649.268 2413.278 50.000
2437.950 354.285 1048.955 2690.871 2437.950 50.000
2373.745 514.053 496.059 2676.891 2373.745 50.000
2356.446 513.197 798.028 2684.212 2356.446 50.000
2422.372 378.542 833.476 2701.710 2422.372 50.000
2457.108 338.638 1158.509 2735.147 2457.108 50.000
2382.531 495.712 854.526 2685.446 2382.531 50.000
2501.466 333.640 916.484 2723.517 2501.466 50.000
2455.812 388.107 853.547 2699.039 2455.812 50.000
2395.070 449.939 859.228 2680.333 2395.070 50.000
2507.162 314.554 670.012 2683.087 2507.162 50.000
2488.148 392.458 75.991 2707.508 2488.148 50.000
2527.763 333.569 837.073 2741.231 2527.763 50.000
2542.566 259.353 920.838 2700.944 2542.566 50.000
2415.126 452.539 829.516 2725.353 2415.126 50.000
2474.411 349.660 1269.159 2712.813 2474.411 50.000
2541.407 233.811 1558.372 2708.330 2541.407 50.000
2522.533 289.488 1106.153 2748.617 2522.533 50.000
2534.768 308.755 847.308 2730.867 2534.768 50.000
2400.484 542.048 126.864 2716.690 2400.484 50.000
2469.203 407.662 825.745 2706.070 2469.203 50.000
2500.545 287.293 1505.743 2707.958 2500.545 50.000
2466.943 388.184 1078.218 2746.578 2466.943 50.000
2379.514 528.401 824.491 2727.652 2379.514 50.000
2548.831 323.467 850.104 2709.769 2548.831 50.000
2501.881 419.263 279.177 2727.730 2501.881 50.000
2388.573 567.329 823.743 2785.262 2388.573 50.000
2515.174 381.105 822.847 2748.920 2515.174 50.000
2561.390 343.634 853.468 2753.358 2561.390 50.000
2472.998 458.724 395.171 2757.104 2472.998 50.000
2570.095 239.044 1239.732 2729.308 2570.095 50.000
2506.183 376.133 1155.757 2739.489 2506.183 50.000
2574.043 242.908 1162.897 2721.464 2574.043 50.000
2447.398 447.918 877.227 2761.986 2447.398 50.000
2335.516 599.396 818.151 2744.128 2335.516 50.000
2520.233 360.233 1189.816 2766.031 2520.233 50.000
2478.772 415.459 846.644 2796.067 2478.772 50.000
2533.200 261.017 1522.603 2769.211 2533.200 50.000
2432.416 521.485 836.972 2759.115 2432.416 50.000
2376.243 513.758 855.928 2776.315 2376.243 50.000
2493.438 387.645 985.053 2760.597 2493.438 50.000
2462.205 386.482 1229.237 2743.563 2462.205 50.000
2425.568 514.108 837.978 2784.413 2425.568 50.000
2522.480 434.942 876.822 2760.751 2522.480 50.000
2499.811 380.461 897.596 2784.976 2499.811 50.000
2506.490 413.238 971.001 2781.614 2506.490 50.000
2530.650 355.340 941.309 2768.942 2530.650 50.000
2476.777 536.231 38.486 2788.364 2476.777 50.000
2574.567 279.855 1172.886 2790.605 2574.567 50.000
2632.275 117.040 1964.582 2789.186 2632.275 50.000
2481.255 457.633 867.745 2765.751 2481.255 50.000
2536.860 398.274 831.061 2737.262 2536.860 50.000
2501.481 413.698 837.867 2757.720 2501.481 50.000
2537.398 414.739 985.054 2794.948 2537.398 50.000
2516.101 462.867 818.549 2786.645 2516.101 50.000
2470.608 547.878 801.257 2856.641 2470.608 50.000
2546.993 390.006 1007.229 2804.997 2546.993 50.000
2278.084 603.035 876.581 2792.973 2278.084 50.000
2443.734 502.030 882.453 2782.596 2443.734 50.000
2485.007 451.734 816.933 2847.904 2485.007 50.000
2330.861 631.815 802.280 2833.534 2330.861 50.000
2463.160 512.461 884.577 2797.845 2463.160 50.000
2358.310 552.468 1019.451 2800.899 2358.310 50.000
2440.940 537.666 810.365 2748.692 2440.940 50.000
2409.462 560.268 808.816 2792.582 2409.462 50.000
2612.223 228.372 1399.782 2794.605 2612.223 50.000
2332.751 626.098 816.076 2810.978 2332.751 50.000
2546.535 332.370 942.536 2841.217 2546.535 50.000
2508.132 386.757 1087.448 2784.604 2508.132 50.000
2545.473 346.174 1322.520 2774.954 2545.473 50.000
2362.067 585.169 835.242 2829.285 2362.067 50.000
2452.195 540.512 564.019 2778.495 2452.195 50.000
2558.023 385.717 1098.006 2795.738 2558.023 50.000
2553.547 427.135 601.464 2799.878 2553.547 50.000
2574.843 255.343 1479.457 2794.911 2574.843 50.000
2394.961 580.681 913.948 2834.929 2394.961 50.000
2495.795 494.640 357.567 2824.704 2495.795 50.000
2599.272 358.279 828.425 2863.012 2599.272 50.000
2494.704 499.283 839.364 2795.787 2494.704 50.000
2549.377 429.762 810.115 2811.147 2549.377 50.000
2545.146 420.256 845.876 2812.650 2545.146 50.000
2554.277 445.270 1075.158 2840.246 2554.277 50.000
2454.166 543.411 828.365 2810.909 2454.166 50.000
2480.194 475.596 934.399 2849.878 2480.194 50.000
2427.481 527.239 810.634 2799.284 2427.481 50.000
2581.698 384.158 1078.428 2818.212 2581.698 50.000
2517.096 504.422 536.964 2823.475 2517.096 50.000
2497.497 437.051 1053.599 2821.653 2497.497 50.000
2632.350 229.028 1626.202 2756.805 2632.350 50.000
2500.055 470.166 827.897 2829.203 2500.055 50.000
2437.548 514.165 805.023 2794.958 2437.548 50.000
2419.599 600.720 841.897 2848.336 2419.599 50.000
2449.710 548.129 811.683 2833.836 2449.710 50.000
2442.066 556.708 22.448 2814.900 2442.066 50.000
2572.606 393.994 824.129 2851.279 2572.606 50.000
2434.497 605.699 822.598 2844.468 2434.497 50.000
2499.316 497.157 917.169 2933.997 2499.316 50.000
2480.014 525.558 1001.782 2852.714 2480.014 50.000
2369.183 589.210 904.556 2845.525 2369.183 50.000
2449.540 581.323 249.218 2827.108 2449.540 50.000
2591.497 396.228 1009.826 2862.309 2591.497 50.000
2443.830 552.052 812.905 2848.123 2443.830 50.000
2500.734 484.228 871.516 2836.412 2500.734 50.000
2547.954 474.110 794.126 2823.068 2547.954 50.000
2594.089 380.466 811.397 2831.691 2594.089 50.000
2543.870 498.121 825.946 2851.169 2543.870 50.000
2582.008 403.145 1208.254 2869.955 2582.008 50.000
2614.386 350.450 924.423 2866.874 2614.386 50.000
2353.332 655.195 834.328 2841.437 2353.332 50.000
2634.902 398.960 893.143 2867.673 2634.902 50.000
2387.719 593.047 840.614 2886.336 2387.719 50.000
2357.041 675.878 359.334 2881.197 2357.041 50.000
2552.587 426.050 1083.350 2859.631 2552.587 50.000
2566.449 435.552 863.673 2842.637 2566.449 50.000
2462.472 553.150 873.974 2845.961 2462.472 50.000
2546.557 487.772 821.849 2883.092 2546.557 50.000
2425.538 601.317 833.794 2854.874 2425.538 50.000
2433.372 613.289 649.674 2816.653 2433.372 50.000
2542.063 444.031 1021.267 2826.708 2542.063 50.000
2502.405 501.311 885.630 2923.166 2502.405 50.000
2468.475 538.186 823.360 2862.118 2468.475 50.000
2510.280 496.907 829.454 2944.491 2510.280 50.000
2498.488 485.546 991.745 2836.769 2498.488 50.000
2461.854 587.860 830.825 2853.851 2461.854 50.000
2550.112 535.344 803.241 2865.464 2550.112 50.000
2414.665 621.984 801.457 2842.262 2414.665 50.000
2569.889 455.115 831.632 2849.978 2569.889 50.000
2494.494 510.268 878.085 2837.923 2494.494 50.000
2505.435 524.816 826.991 2855.092 2505.435 50.000
2579.423 389.053 1299.427 2844.832 2579.423 50.000
2465.378 619.252 36.849 2883.111 2465.378 50.000
2595.238 413.920 936.941 2842.153 2595.238 50.000
2561.147 465.638 844.363 2823.719 2561.147 50.000
2608.359 339.539 1371.083 2855.190 2608.359 50.000
2445.872 586.450 791.845 2882.356 2445.872 50.000
2382.627 655.194 481.391 2872.652 2382.627 50.000
2528.568 447.843 943.504 2866.351 2528.568 50.000
2564.769 504.303 866.298 2853.838 2564.769 50.000
2474.962 620.341 783.810 2877.353 2474.962 50.000
2663.264 334.673 917.769 2928.441 2663.264 50.000
2551.702 475.706 831.532 2884.457 2551.702 50.000
2625.928 456.192 822.748 2888.111 2625.928 50.000
2626.870 422.046 1024.518 2904.354 2626.870 50.000
2584.643 532.275 821.862 2868.190 2584.643 50.000
2490.994 565.522 807.630 2916.262 2490.994 50.000
2443.446 568.579 821.227 2847.585 2443.446 50.000
2474.593 565.395 822.382 2895.121 2474.593 50.000
2454.964 605.514 806.468 2891.891 2454.964 50.000
2551.366 510.129 1078.685 2903.741 2551.366 50.000
2544.790 491.871 1011.625 2900.161 2544.790 50.000
2477.657 575.043 815.693 2862.891 2477.657 50.000
2575.341 492.677 828.816 2911.811 2575.341 50.000
2566.187 505.636 820.872 2906.555 2566.187 50.000
2602.342 443.979 906.791 2937.747 2602.342 50.000
2598.322 451.562 803.128 2860.776 2598.322 50.000
2580.775 536.707 804.968 2876.098 2580.775 50.000
2586.734 477.407 764.285 2869.684 2586.734 50.000
2544.667 557.268 790.385 2959.352 2544.667 50.000
2607.992 415.500 858.423 2928.464 2607.992 50.000
2578.402 502.076 825.548 2929.443 2578.402 50.000
2525.464 539.114 802.746 2921.515 2525.464 50.000
2558.346 427.275 1316.995 2906.587 2558.346 50.000
2555.122 462.641 1122.442 2921.693 2555.122 50.000
2491.873 600.756 767.602 2898.767 2491.873 50.000
2396.465 741.725 781.000 2889.347 2396.465 50.000
2471.628 666.398 783.649 2977.650 2471.628 50.000
2555.343 559.255 805.762 2953.349 2555.343 50.000
2530.342 573.737 812.025 2908.767 2530.342 50.000
2509.364 586.685 830.841 2905.739 2509.364 50.000
2623.920 419.534 881.900 2898.499 2623.920 50.000
2659.053 452.378 859.309 2911.143 2659.053 50.000
2547.187 571.423 819.386 2972.072 2547.187 50.000
2575.057 514.346 800.597 2926.290 2575.057 50.000
2674.413 440.298 864.003 2896.295 2674.413 50.000
2665.898 400.161 989.878 2943.188 2665.898 50.000
2681.564 373.648 1346.747 2946.670 2681.564 50.000
2559.696 595.423 803.555 2967.241 2559.696 50.000
2489.062 651.833 791.122 2933.543 2489.062 50.000
2666.708 441.003 1029.509 2921.773 2666.708 50.000
2662.259 415.693 956.648 2931.638 2662.259 50.000
2493.859 621.541 784.949 2934.499 2493.859 50.000
2538.555 576.374 814.506 2886.579 2538.555 50.000
2514.783 517.933 822.980 2906.785 2514.783 50.000
2587.914 514.799 819.427 2972.465 2587.914 50.000
2535.718 523.937 945.220 2942.666 2535.718 50.000
2512.645 636.198 269.040 2940.965 2512.645 50.000
2504.723 630.862 390.656 2934.895 2504.723 50.000
2637.989 489.234 864.373 2929.777 2637.989 50.000
2456.841 656.330 808.379 2920.168 2456.841 50.000
2529.749 640.557 803.980 2924.315 2529.749 50.000
2671.379 436.551 1047.710 2991.467 2671.379 50.000
2542.734 611.737 812.681 2948.494 2542.734 50.000
2579.276 504.509 1164.953 2961.402 2579.276 50.000
2524.463 631.742 899.733 2927.353 2524.463 50.000
2685.007 380.385 1303.498 2950.823 2685.007 50.000
2567.425 558.410 822.825 2933.068 2567.425 50.000
2552.923 609.727 812.028 2949.051 2552.923 50.000
2633.614 482.850 837.541 2949.650 2633.614 50.000
2680.712 426.985 1086.563 2969.368 2680.712 50.000
2663.315 490.290 851.828 2991.322 2663.315 50.000
2685.645 458.551 841.461 2940.565 2685.645 50.000
2511.671 659.075 61.229 2967.591 2511.671 50.000
2531.721 682.413 191.873 2935.957 2531.721 50.000
2771.465 247.117 1373.359 3004.889 2771.465 50.000
2613.196 559.178 832.684 2983.584 2613.196 50.000
2666.063 520.668 951.067 3002.809 2666.063 50.000
2756.653 275.958 1260.214 2961.121 2756.653 50.000
2671.925 461.269 1107.959 2941.058 2671.925 50.000
2505.208 635.897 247.730 2978.876 2505.208 50.000
2449.658 722.112 828.914 3008.440 2449.658 50.000
2493.612 676.632 804.375 2946.670 2493.612 50.000
2466.994 667.597 927.450 2984.629 2466.994 50.000
2366.232 737.164 724.935 2981.000 2366.232 50.000
2522.877 591.133 923.939 2951.009 2522.877 50.000
2664.497 482.597 837.679 2958.552 2664.497 50.000
2711.130 355.304 815.429 2963.252 2711.130 50.000
2520.896 527.758 1072.259 3022.208 2520.896 50.000
2509.651 723.076 134.477 3023.591 2509.651 50.000
2658.156 493.330 841.061 2944.438 2658.156 50.000
2714.462 441.602 1044.903 2953.310 2714.462 50.000
2686.308 480.734 911.159 2950.750 2686.308 50.000
2631.961 497.138 1005.639 2972.824 2631.961 50.000
2604.365 543.604 467.186 2975.929 2604.365 50.000
2632.309 516.401 876.914 3068.099 2632.309 50.000
2560.977 592.526 792.214 3007.454 2560.977 50.000
2571.723 549.061 1138.480 2949.663 2571.723 50.000
2595.397 567.667 794.131 3050.610 2595.397 50.000
2637.929 491.218 1140.967 2981.602 2637.929 50.000
2533.645 632.184 613.224 2954.014 2533.645 50.000
2379.674 674.293 833.432 3083.506 2379.674 50.000
2434.096 672.630 799.422 2980.611 2434.096 50.000
2707.159 452.960 878.282 2983.562 2707.159 50.000
2591.859 525.134 830.227 3021.539 2591.859 50.000
2516.068 615.455 775.542 2979.908 2516.068 50.000
2518.996 655.473 822.173 2991.624 2518.996 50.000
2659.354 498.794 803.224 3007.840 2659.354 50.000
2522.930 629.991 822.057 2967.729 2522.930 50.000
2678.717 361.166 1496.317 2932.163 2678.717 50.000
2784.653 315.034 1382.185 3026.847 2784.653 50.000
2640.802 543.072 784.082 3026.737 2640.802 50.000
2740.686 382.161 1213.790 3017.533 2740.686 50.000
2700.195 484.951 796.935 3023.859 2700.195 50.000
2685.477 495.832 780.576 2987.454 2685.477 50.000
2707.854 481.494 837.670 2998.136 2707.854 50.000
2702.783 510.097 792.027 3033.772 2702.783 50.000
2634.376 560.321 792.636 3008.209 2634.376 50.000
2664.291 489.014 1251.475 2974.339 2664.291 50.000
2787.785 372.252 874.646 3027.411 2787.785 50.000
2786.886 334.714 1087.280 3023.064 2786.886 50.000
2683.864 521.852 880.041 3030.757 2683.864 50.000
2640.714 593.460 819.739 3053.327 2640.714 50.000
2712.484 525.920 768.071 3019.063 2712.484 50.000
2833.227 313.488 844.037 3014.844 2833.227 50.000
2830.981 282.339 899.237 3050.526 2830.981 50.000
2671.911 546.331 664.977 2984.204 2671.911 50.000
2615.698 663.278 165.886 3024.359 2615.698 50.000
2844.915 325.459 942.730 3047.943 2844.915 50.000
2771.637 428.684 1041.692 3035.005 2771.637 50.000
2823.116 399.350 983.404 3051.104 2823.116 50.000
2764.053 448.986 872.155 3058.218 2764.053 50.000
2652.329 616.256 832.646 3040.377 2652.329 50.000
2645.375 579.582 811.317 3085.419 2645.375 50.000
2785.024 457.778 983.521 3130.166 2785.024 50.000
2714.366 558.864 805.373 3066.978 2714.366 50.000
2782.793 462.190 804.894 3064.455 2782.793 50.000
2655.006 644.120 694.526 3081.743 2655.006 50.000
2674.399 581.527 869.875 3093.158 2674.399 50.000
2680.705 578.790 872.539 3098.298 2680.705 50.000
2560.739 673.027 764.579 3057.834 2560.739 50.000
2600.755 717.456 523.997 3049.031 2600.755 50.000
2659.008 545.127 830.639 3042.847 2659.008 50.000
2585.470 632.447 799.801 3020.998 2585.470 50.000
2768.374 390.887 1418.740 3094.825 2768.374 50.000
2568.813 640.721 887.857 3069.780 2568.813 50.000
2728.601 509.577 898.196 3100.613 2728.601 50.000
2798.418 416.020 914.609 3062.722 2798.418 50.000
2725.497 480.438 779.427 3040.107 2725.497 50.000
2731.805 497.713 825.915 3102.553 2731.805 50.000
2801.574 480.085 808.741 3066.861 2801.574 50.000
2619.334 611.615 809.431 3054.457 2619.334 50.000
2827.029 394.863 1134.101 3101.780 2827.029 50.000
2740.372 570.151 460.377 3084.007 2740.372 50.000
2620.709 634.802 805.966 3065.417 2620.709 50.000
2713.585 537.154 1193.128 3057.237 2713.585 50.000
2821.457 405.098 787.804 3072.122 2821.457 50.000
2741.698 478.934 1078.856 3056.302 2741.698 50.000
2703.700 534.118 862.608 3026.876 2703.700 50.000
2820.464 406.938 921.713 3103.715 2820.464 50.000
2570.493 612.933 828.825 3065.945 2570.493 50.000
2771.314 485.511 936.333 3059.667 2771.314 50.000
2869.852 276.903 1455.748 3102.874 2869.852 50.000
2720.404 550.875 868.687 3087.934 2720.404 50.000
2763.280 538.781 778.872 3104.904 2763.280 50.000
2603.916 677.850 762.017 3099.119 2603.916 50.000
2659.424 634.162 581.049 3078.708 2659.424 50.000
2831.285 381.731 1053.677 3062.344 2831.285 50.000
2649.890 656.511 353.924 3088.873 2649.890 50.000
2765.564 536.491 851.490 3099.169 2765.564 50.000
2874.953 362.386 1075.265 3105.399 2874.953 50.000
2776.526 566.403 772.370 3116.461 2776.526 50.000
2676.942 594.976 830.809 3096.487 2676.942 50.000
2780.911 514.056 797.855 3071.731 2780.911 50.000
2882.269 435.686 949.444 3127.868 2882.269 50.000
2730.824 500.573 786.440 3081.722 2730.824 50.000
2573.046 720.100 776.292 3108.994 2573.046 50.000
2711.658 576.030 835.831 3069.392 2711.658 50.000
2756.456 534.918 1027.694 3145.648 2756.456 50.000
2842.693 331.918 1125.137 3115.807 2842.693 50.000
2750.549 532.041 993.986 3181.890 2750.549 50.000
2844.198 418.629 856.513 3153.560 2844.198 50.000
2776.171 556.826 256.176 3101.605 2776.171 50.000
2809.738 434.751 1246.392 3092.887 2809.738 50.000
2828.923 480.547 876.194 3084.091 2828.923 50.000
2675.205 635.942 752.316 3083.441 2675.205 50.000
2888.575 348.712 860.108 3134.061 2888.575 50.000
2707.538 580.571 900.556 3127.827 2707.538 50.000
2818.825 466.880 819.430 3103.812 2818.825 50.000
2749.499 535.169 978.588 3124.839 2749.499 50.000
2861.583 353.812 1198.502 3147.015 2861.583 50.000
2817.133 513.821 785.922 3069.201 2817.133 50.000
2773.652 570.001 835.392 3121.387 2773.652 50.000
2983.022 86.241 2702.052 3121.626 2983.022 50.000
2777.029 558.045 824.711 3125.237 2777.029 50.000
2851.172 413.019 1360.188 3131.264 2851.172 50.000
2831.347 461.493 796.040 3144.642 2831.347 50.000
2815.978 522.429 885.716 3108.999 2815.978 50.000
2977.192 121.205 2347.427 3132.145 2977.192 50.000
2828.066 486.209 962.216 3120.119 2828.066 50.000
2780.960 568.957 838.101 3181.496 2780.960 50.000
2748.340 544.791 788.061 3135.574 2748.340 50.000
2850.552 558.422 777.640 3221.044 2850.552 50.000
2792.153 602.976 844.961 3161.197 2792.153 50.000
2797.238 565.726 944.335 3127.630 2797.238 50.000
2887.508 471.248 829.318 3193.297 2887.508 50.000
2846.147 472.329 939.669 3141.181 2846.147 50.000
2879.725 417.930 938.421 3206.851 2879.725 50.000
2922.524 397.191 1089.311 3142.863 2922.524 50.000
2783.391 552.445 770.205 3158.707 2783.391 50.000
2793.859 595.124 766.606 3182.737 2793.859 50.000
2924.387 343.718 1392.187 3170.692 2924.387 50.000
2801.165 605.979 660.582 3235.662 2801.165 50.000
2788.834 527.437 906.820 3184.140 2788.834 50.000
2881.651 492.163 845.473 3177.183 2881.651 50.000
2809.462 604.109 804.379 3215.023 2809.462 50.000
2788.124 558.547 1075.043 3196.299 2788.124 50.000
2767.839 626.929 925.147 3190.596 2767.839 50.000
2773.457 614.118 853.682 3190.935 2773.457 50.000
2866.487 518.781 823.043 3132.283 2866.487 50.000
2854.714 479.806 907.912 3202.540 2854.714 50.000
2773.518 599.266 950.535 3224.194 2773.518 50.000
2831.551 595.882 899.653 3176.353 2831.551 50.000
2627.733 760.951 709.339 3207.825 2627.733 50.000
2859.723 461.163 1077.473 3167.340 2859.723 50.000
2865.351 513.315 830.199 3171.830 2865.351 50.000
2780.187 665.720 21.123 3145.653 2780.187 50.000
2910.269 413.365 1579.310 3175.974 2910.269 50.000
2924.571 372.661 1229.061 3217.519 2924.571 50.000
2703.706 668.780 809.102 3199.938 2703.706 50.000
3041.431 66.738 2849.141 3178.288 3041.431 50.000
2875.598 469.948 1140.136 3223.667 2875.598 50.000
2932.282 436.443 1011.854 3194.616 2932.282 50.000
2767.535 622.084 898.934 3217.904 2767.535 50.000
2869.512 553.331 792.773 3194.871 2869.512 50.000
2820.186 549.976 1195.109 3234.065 2820.186 50.000
2847.596 473.686 1056.791 3156.747 2847.596 50.000
3031.579 207.795 1820.875 3245.262 3031.579 50.000
2843.514 618.600 30.697 3159.842 2843.514 50.000
2760.111 671.253 819.628 3174.927 2760.111 50.000
2832.441 533.894 954.568 3207.737 2832.441 50.000
2817.819 561.918 1040.065 3218.639 2817.819 50.000
2715.725 748.026 134.800 3175.626 2715.725 50.000
2831.840 510.258 829.809 3208.409 2831.840 50.000
2942.382 485.159 774.710 3218.483 2942.382 50.000
2859.392 500.539 1428.034 3239.650 2859.392 50.000
2779.238 658.121 162.629 3221.142 2779.238 50.000
2801.223 607.985 881.326 3182.936 2801.223 50.000
2836.767 566.118 802.012 3166.601 2836.767 50.000
2962.853 400.134 993.795 3192.853 2962.853 50.000
2872.673 533.395 900.990 3194.961 2872.673 50.000
2806.722 623.394 252.176 3176.974 2806.722 50.000
2941.477 501.045 865.941 3212.684 2941.477 50.000
2972.180 440.005 198.496 3242.024 2972.180 50.000
2773.299 636.096 822.019 3171.020 2773.299 50.000
2901.905 526.723 824.410 3185.280 2901.905 50.000
2775.727 633.622 748.855 3226.284 2775.727 50.000
2815.228 578.730 992.181 3201.939 2815.228 50.000
2869.196 606.599 768.932 3213.558 2869.196 50.000
2891.606 532.431 954.530 3243.356 2891.606 50.000
2874.662 593.116 866.718 3218.901 2874.662 50.000
2873.701 521.608 877.259 3220.979 2873.701 50.000
2882.434 547.336 976.449 3204.687 2882.434 50.000
2785.361 638.454 928.090 3202.211 2785.361 50.000
2963.902 525.961 152.476 3211.827 2963.902 50.000
2911.038 401.674 1584.644 3292.782 2911.038 50.000
2973.253 401.126 1460.639 3232.838 2973.253 50.000
2750.357 649.713 503.016 3229.699 2750.357 50.000
2935.616 385.914 1637.889 3245.517 2935.616 50.000
2976.474 347.133 1317.151 3260.759 2976.474 50.000
2837.014 601.857 821.654 3219.589 2837.014 50.000
2778.756 708.626 768.547 3270.559 2778.756 50.000
2744.277 726.661 826.960 3250.496 2744.277 50.000
2555.189 826.041 919.795 3223.958 2555.189 50.000
2901.299 525.733 871.898 3265.524 2901.299 50.000
2858.880 579.879 895.851 3236.723 2858.880 50.000
2840.998 626.240 794.946 3243.807 2840.998 50.000
2862.971 538.924 1019.927 3270.522 2862.971 50.000
2686.285 702.199 770.216 3240.835 2686.285 50.000
2850.779 605.732 803.263 3279.254 2850.779 50.000
2806.220 720.827 765.435 3228.244 2806.220 50.000
2753.681 723.410 808.926 3221.416 2753.681 50.000
2877.465 541.949 894.726 3219.693 2877.465 50.000
2952.643 490.744 840.724 3208.496 2952.643 50.000
2934.722 517.264 915.891 3245.581 2934.722 50.000
2888.513 552.405 765.773 3232.297 2888.513 50.000
2855.694 595.570 832.208 3291.245 2855.694 50.000
2877.773 611.174 771.582 3230.515 2877.773 50.000
2820.768 665.468 832.699 3248.924 2820.768 50.000
2917.047 602.752 788.728 3267.564 2917.047 50.000
2828.291 682.299 154.345 3295.254 2828.291 50.000
2954.223 496.109 1025.919 3256.378 2954.223 50.000
2751.112 688.067 885.945 3229.124 2751.112 50.000
2976.224 414.622 1139.498 3260.257 2976.224 50.000
2933.800 469.953 1176.861 3241.241 2933.800 50.000
2853.880 608.224 782.844 3246.095 2853.880 50.000
2842.687 570.199 846.404 3207.211 2842.687 50.000
2709.871 767.721 600.020 3294.724 2709.871 50.000
2834.998 630.036 790.748 3287.862 2834.998 50.000
2749.818 698.742 759.001 3323.695 2749.818 50.000
2885.954 539.433 885.409 3265.830 2885.954 50.000
2845.557 581.628 1051.529 3299.051 2845.557 50.000
2704.269 656.006 789.697 3244.023 2704.269 50.000
2837.840 590.068 825.279 3240.325 2837.840 50.000
2745.083 746.988 579.177 3282.773 2745.083 50.000
2812.561 603.382 641.685 3241.389 2812.561 50.000
2753.528 717.100 720.349 3283.167 2753.528 50.000
2833.975 608.040 902.846 3290.465 2833.975 50.000
2802.337 635.437 1047.857 3249.080 2802.337 50.000
2667.457 759.873 763.834 3295.025 2667.457 50.000
2981.097 504.714 1025.046 3279.362 2981.097 50.000
3031.403 402.519 1170.140 3269.803 3031.403 50.000
2955.902 487.028 676.372 3254.782 2955.902 50.000
2877.417 663.033 794.934 3268.785 2877.417 50.000
2947.821 504.131 1036.585 3320.842 2947.821 50.000
2899.560 578.664 865.379 3257.895 2899.560 50.000
2939.379 572.490 790.230 3277.803 2939.379 50.000
2914.237 587.684 828.173 3324.498 2914.237 50.000
2748.627 794.666 514.316 3288.311 2748.627 50.000
3030.634 389.648 1012.235 3281.659 3030.634 50.000
3035.529 373.990 1538.582 3290.165 3035.529 50.000
2924.592 572.127 642.611 3250.259 2924.592 50.000
2996.521 442.572 984.665 3266.924 2996.521 50.000
3019.384 384.171 1270.797 3281.434 3019.384 50.000
2991.397 534.715 925.543 3335.184 2991.397 50.000
3037.921 342.331 1371.775 3337.907 3037.921 50.000
2971.202 475.848 889.831 3265.892 2971.202 50.000
3046.941 464.602 946.275 3292.449 3046.941 50.000
3108.801 329.560 847.907 3284.918 3108.801 50.000
2941.792 595.374 925.111 3300.999 2941.792 50.000
3080.442 302.698 1644.727 3342.078 3080.442 50.000
2923.446 557.820 876.789 3279.485 2923.446 50.000
2951.845 561.978 837.886 3264.991 2951.845 50.000
2818.237 686.887 760.621 3287.255 2818.237 50.000
3062.313 363.025 1330.713 3286.463 3062.313 50.000
2872.095 663.456 744.024 3261.353 2872.095 50.000
3030.605 473.235 862.856 3301.881 3030.605 50.000
2794.626 711.253 978.613 3306.916 2794.626 50.000
3110.115 241.341 1724.592 3309.276 3110.115 50.000
3091.782 327.479 906.559 3326.876 3091.782 50.000
2847.135 667.151 868.381 3365.734 2847.135 50.000
2852.756 602.716 1109.672 3258.768 2852.756 50.000
2928.841 627.539 761.645 3347.035 2928.841 50.000
2869.119 663.871 307.379 3275.504 2869.119 50.000
2935.921 679.597 351.735 3292.348 2935.921 50.000
2927.381 611.819 274.905 3316.112 2927.381 50.000
3019.526 503.117 174.031 3290.507 3019.526 50.000
3055.300 361.328 1545.025 3273.065 3055.300 50.000
2962.340 559.807 282.672 3320.754 2962.340 50.000
3074.429 392.680 846.956 3260.582 3074.429 50.000
3005.224 502.863 1027.035 3328.716 3005.224 50.000
2913.589 604.573 1088.359 3285.603 2913.589 50.000
3073.119 446.394 443.578 3322.323 3073.119 50.000
3078.191 319.033 1580.339 3326.632 3078.191 50.000
3030.448 458.277 909.438 3316.757 3030.448 50.000
3169.520 139.191 2296.209 3311.079 3169.520 50.000
3088.489 369.552 1213.170 3360.598 3088.489 50.000
3051.201 487.239 779.310 3365.926 3051.201 50.000
3101.706 310.902 1896.449 3330.411 3101.706 50.000
3053.584 389.751 1278.961 3313.945 3053.584 50.000
3030.850 481.229 780.634 3319.899 3030.850 50.000
3011.494 484.830 1076.245 3261.328 3011.494 50.000
3051.565 467.336 1210.811 3329.244 3051.565 50.000
2916.698 622.908 1009.760 3312.784 2916.698 50.000
2931.733 720.902 84.369 3379.075 2931.733 50.000
3038.827 461.950 826.214 3340.545 3038.827 50.000
3042.749 569.732 838.855 3320.165 3042.749 50.000
2907.379 751.409 229.919 3353.309 2907.379 50.000
3046.099 465.935 1453.549 3370.264 3046.099 50.000
3061.392 515.854 846.246 3335.291 3061.392 50.000
3085.044 470.560 883.729 3351.428 3085.044 50.000
2948.905 538.448 901.007 3307.136 2948.905 50.000
2992.741 577.515 1029.818 3458.344 2992.741 50.000
2878.609 744.871 884.072 3368.467 2878.609 50.000
3111.641 383.963 921.119 3334.680 3111.641 50.000
2902.510 714.027 502.208 3354.874 2902.510 50.000
3139.714 314.538 1514.962 3353.588 3139.714 50.000
2904.878 710.451 27.820 3400.717 2904.878 50.000
3073.812 424.459 1136.027 3388.207 3073.812 50.000
3112.955 288.713 2052.955 3350.359 3112.955 50.000
2801.231 791.899 665.647 3332.517 2801.231 50.000
3063.987 412.143 1016.667 3356.975 3063.987 50.000
3092.567 537.395 206.570 3354.067 3092.567 50.000
3022.150 523.034 872.910 3409.590 3022.150 50.000
3090.960 440.856 906.686 3382.712 3090.960 50.000
3140.574 289.691 1537.351 3363.183 3140.574 50.000
3093.122 385.803 1345.794 3336.994 3093.122 50.000
2908.767 576.711 1081.229 3333.789 2908.767 50.000
3148.305 279.753 2074.370 3421.102 3148.305 50.000
2814.322 679.609 1056.415 3323.257 2814.322 50.000
2903.966 684.992 1100.393 3334.901 2903.966 50.000
2977.210 576.504 981.117 3395.560 2977.210 50.000
2993.174 525.581 825.776 3363.444 2993.174 50.000
3068.495 513.908 201.621 3333.345 3068.495 50.000
3012.013 515.039 1329.582 3360.884 3012.013 50.000
2910.615 700.723 942.248 3357.035 2910.615 50.000
3058.680 530.007 845.447 3383.625 3058.680 50.000
3026.957 640.278 829.220 3344.367 3026.957 50.000
2935.180 613.832 965.917 3362.908 2935.180 50.000
3002.700 572.420 921.412 3383.668 3002.700 50.000
3190.985 272.929 1802.286 3432.872 3190.985 50.000
2851.191 678.897 975.424 3317.120 2851.191 50.000
3008.590 598.416 932.771 3354.660 3008.590 50.000
2936.023 665.967 817.911 3355.182 2936.023 50.000
2922.542 650.002 1085.040 3413.646 2922.542 50.000
3017.702 546.079 1132.631 3373.367 3017.702 50.000
2809.755 840.997 912.298 3410.503 2809.755 50.000
2927.882 683.862 225.958 3344.962 2927.882 50.000
3017.905 567.329 612.201 3377.140 3017.905 50.000
3011.505 593.164 1076.058 3397.217 3011.505 50.000
3039.412 563.374 202.808 3364.927 3039.412 50.000
3029.355 613.374 1020.928 3392.195 3029.355 50.000
2732.663 822.825 823.817 3383.680 2732.663 50.000
2815.958 725.795 950.583 3373.829 2815.958 50.000
2981.558 554.076 1085.734 3374.243 2981.558 50.000
2929.438 680.341 871.722 3480.741 2929.438 50.000
2957.232 687.975 605.030 3406.386 2957.232 50.000
3068.952 480.522 1338.697 3362.376 3068.952 50.000
3103.929 491.187 1349.911 3412.001 3103.929 50.000
3052.105 526.672 959.827 3415.086 3052.105 50.000
2945.204 777.879 851.342 3427.568 2945.204 50.000
2935.046 682.039 927.340 3406.521 2935.046 50.000
3022.484 558.723 1039.982 3394.811 3022.484 50.000
2961.131 602.519 1072.340 3469.190 2961.131 50.000
2954.495 690.731 1035.716 3415.746 2954.495 50.000
3014.580 499.859 1256.231 3374.784 3014.580 50.000
3104.909 466.089 1212.439 3388.956 3104.909 50.000
3091.795 530.050 884.784 3408.792 3091.795 50.000
2988.336 714.910 821.697 3431.999 2988.336 50.000
2933.431 773.107 14.167 3436.587 2933.431 50.000
3188.723 421.948 926.072 3415.965 3188.723 50.000
3089.132 623.194 986.851 3396.524 3089.132 50.000
2989.267 658.582 854.839 3470.003 2989.267 50.000
3191.409 322.692 1927.475 3429.842 3191.409 50.000
3100.898 494.645 1347.793 3367.642 3100.898 50.000
2976.945 721.982 889.869 3430.663 2976.945 50.000
2984.971 648.697 883.608 3389.330 2984.971 50.000
3059.847 549.136 1211.406 3400.411 3059.847 50.000
3083.430 554.818 904.716 3438.109 3083.430 50.000
2999.255 641.105 882.725 3429.649 2999.255 50.000
2981.761 636.997 965.147 3413.919 2981.761 50.000
2929.527 736.963 935.351 3428.733 2929.527 50.000
3222.254 439.279 1069.675 3481.640 3222.254 50.000
3171.190 497.969 878.959 3487.950 3171.190 50.000
3162.106 427.008 1298.777 3473.596 3162.106 50.000
3242.637 316.118 1361.164 3432.649 3242.637 50.000
3144.278 555.875 882.437 3521.268 3144.278 50.000
3227.989 327.963 1427.488 3443.784 3227.989 50.000
3125.774 509.368 1165.906 3442.777 3125.774 50.000
3024.809 674.494 929.937 3449.618 3024.809 50.000
3044.971 625.606 589.972 3446.773 3044.971 50.000
2973.219 813.513 278.492 3455.467 2973.219 50.000
3058.891 596.216 1112.162 3448.538 3058.891 50.000
3181.212 403.721 1289.155 3417.368 3181.212 50.000
3066.569 565.954 950.043 3417.598 3066.569 50.000
3075.897 608.756 1193.774 3484.204 3075.897 50.000
3134.735 489.396 1297.575 3477.765 3134.735 50.000
3187.567 436.385 1428.629 3492.532 3187.567 50.000
3209.437 305.242 1674.867 3460.595 3209.437 50.000
3077.140 607.424 979.374 3510.255 3077.140 50.000
3049.479 559.686 975.669 3431.868 3049.479 50.000
3125.695 534.656 553.791 3471.219 3125.695 50.000
3060.434 545.625 1262.480 3508.285 3060.434 50.000
3087.261 606.370 849.720 3448.275 3087.261 50.000
3146.859 546.968 858.664 3494.992 3146.859 50.000
2891.133 854.674 108.664 3483.256 2891.133 50.000
3064.894 550.250 1178.701 3431.453 3064.894 50.000
3140.688 486.510 1360.091 3473.212 3140.688 50.000
3094.674 623.055 1125.218 3457.810 3094.674 50.000
3113.478 572.138 1100.409 3481.743 3113.478 50.000
3220.177 374.490 1486.052 3454.175 3220.177 50.000
3041.460 621.583 1293.092 3467.343 3041.460 50.000
2990.293 671.961 1160.845 3508.818 2990.293 50.000
3059.319 639.333 1061.636 3509.612 3059.319 50.000
3013.337 634.483 1248.721 3458.719 3013.337 50.000
3113.531 520.743 950.281 3444.544 3113.531 50.000
3164.067 474.296 1194.302 3434.594 3164.067 50.000
3030.159 625.937 996.144 3457.099 3030.159 50.000
3100.866 586.906 950.347 3508.383 3100.866 50.000
2969.459 730.945 1036.990 3453.828 2969.459 50.000
3036.640 613.561 957.643 3448.900 3036.640 50.000
3066.493 633.609 67.077 3486.604 3066.493 50.000
3187.061 475.926 865.410 3455.174 3187.061 50.000
3089.045 557.660 1188.084 3449.326 3089.045 50.000
3062.481 682.623 773.909 3455.367 3062.481 50.000
3100.410 578.519 846.559 3495.867 3100.410 50.000
3043.040 639.897 1140.562 3474.791 3043.040 50.000
2988.864 734.604 941.604 3502.886 2988.864 50.000
2911.250 845.172 511.385 3484.081 2911.250 50.000
3159.705 411.958 1007.285 3461.936 3159.705 50.000
3047.041 649.872 963.897 3493.221 3047.041 50.000
3045.595 690.589 906.025 3511.153 3045.595 50.000
3150.586 479.612 1253.385 3449.481 3150.586 50.000
3077.474 642.280 444.193 3487.946 3077.474 50.000
3016.062 698.403 1047.893 3441.349 3016.062 50.000
3161.972 517.571 991.078 3495.063 3161.972 50.000
3301.386 223.665 1920.965 3487.682 3301.386 50.000
3139.953 596.695 908.608 3498.700 3139.953 50.000
3191.776 392.550 1445.552 3472.289 3191.776 50.000
3049.144 759.829 22.664 3488.173 3049.144 50.000
3015.649 699.856 805.612 3467.246 3015.649 50.000
2974.931 780.820 257.584 3473.557 2974.931 50.000
3189.177 464.879 1257.420 3508.184 3189.177 50.000
3073.906 694.447 900.977 3455.789 3073.906 50.000
3175.254 556.326 127.157 3453.392 3175.254 50.000
3152.810 560.578 977.903 3485.565 3152.810 50.000
3107.722 577.570 969.104 3450.419 3107.722 50.000
3226.387 370.210 1149.101 3454.810 3226.387 50.000
3237.915 403.856 1045.534 3463.495 3237.915 50.000
3151.669 514.389 1153.322 3464.229 3151.669 50.000
3218.675 377.796 1172.577 3474.683 3218.675 50.000
3228.587 382.092 1384.071 3480.870 3228.587 50.000
3088.314 721.645 15.692 3503.971 3088.314 50.000
3226.164 416.265 1004.566 3443.747 3226.164 50.000
3135.966 647.851 804.805 3508.318 3135.966 50.000
3097.128 593.999 838.357 3537.153 3097.128 50.000
3259.283 383.943 1231.059 3471.869 3259.283 50.000
3237.043 447.101 796.175 3463.598 3237.043 50.000
3197.659 498.713 855.365 3506.996 3197.659 50.000
3170.593 557.130 1018.305 3500.257 3170.593 50.000
3212.195 473.480 868.207 3464.074 3212.195 50.000
3266.461 299.662 1716.182 3464.119 3266.461 50.000
3116.800 612.924 1000.283 3515.516 3116.800 50.000
3157.719 587.573 774.303 3526.994 3157.719 50.000
3156.570 616.013 1097.137 3485.871 3156.570 50.000
3131.789 624.013 968.667 3547.534 3131.789 50.000
3257.131 313.075 1784.846 3505.490 3257.131 50.000
3203.893 460.790 1556.760 3491.829 3203.893 50.000
3211.977 450.119 1420.224 3498.149 3211.977 50.000
3074.055 701.121 833.144 3499.146 3074.055 50.000
3187.860 524.210 890.362 3495.234 3187.860 50.000
3227.397 463.899 1118.242 3504.937 3227.397 50.000
3225.214 483.176 868.316 3571.933 3225.214 50.000
3195.661 479.289 816.756 3510.013 3195.661 50.000
3188.978 512.847 911.756 3514.943 3188.978 50.000
3100.203 610.736 1123.847 3482.885 3100.203 50.000
3122.264 600.593 803.490 3530.792 3122.264 50.000
3016.736 770.003 790.616 3530.038 3016.736 50.000
3243.098 424.036 1262.296 3525.776 3243.098 50.000
3000.973 727.264 862.620 3486.134 3000.973 50.000
3160.408 531.409 967.906 3508.642 3160.408 50.000
3125.117 605.476 867.491 3495.657 3125.117 50.000
3161.070 599.910 945.329 3529.501 3161.070 50.000
3179.769 551.860 1098.166 3517.052 3179.769 50.000
3183.575 536.656 897.199 3504.074 3183.575 50.000
3155.640 569.185 892.379 3578.319 3155.640 50.000
3066.436 590.604 1291.904 3477.173 3066.436 50.000
3177.063 479.086 1617.435 3513.432 3177.063 50.000
3225.458 498.486 918.614 3467.683 3225.458 50.000
3165.393 589.184 961.010 3528.522 3165.393 50.000
3192.677 606.438 813.923 3530.075 3192.677 50.000
3288.822 452.194 748.760 3502.920 3288.822 50.000
3278.329 324.048 1687.043 3516.417 3278.329 50.000
3146.964 614.617 1031.751 3559.259 3146.964 50.000
3183.650 500.309 1052.751 3501.132 3183.650 50.000
3028.348 703.327 864.498 3540.580 3028.348 50.000
2948.823 861.755 6.574 3488.054 2948.823 50.000
3120.732 704.504 842.707 3481.014 3120.732 50.000
3253.804 497.665 1209.743 3521.281 3253.804 50.000
3243.482 400.618 1705.162 3537.515 3243.482 50.000
3224.349 470.422 960.650 3518.959 3224.349 50.000
3234.748 585.188 966.456 3554.970 3234.748 50.000
3330.195 247.152 2316.088 3537.852 3330.195 50.000
3148.462 649.412 884.102 3535.137 3148.462 50.000
3257.767 505.776 838.817 3523.160 3257.767 50.000
3270.822 490.554 860.664 3531.430 3270.822 50.000
3094.681 693.329 807.988 3544.591 3094.681 50.000
3266.293 410.943 1740.671 3566.062 3266.293 50.000
3158.389 663.564 21.206 3570.072 3158.389 50.000
3277.358 404.374 1191.014 3545.692 3277.358 50.000
3321.353 322.389 1660.357 3538.624 3321.353 50.000
3039.463 810.264 787.235 3537.175 3039.463 50.000
3130.282 726.224 217.263 3557.815 3130.282 50.000
3335.490 363.035 1692.213 3578.132 3335.490 50.000
3339.854 418.204 946.683 3562.757 3339.854 50.000
3318.678 365.590 1508.213 3611.219 3318.678 50.000
3208.401 552.976 831.812 3544.044 3208.401 50.000
3268.355 476.920 866.818 3590.371 3268.355 50.000
3202.465 708.532 112.353 3591.464 3202.465 50.000
3187.205 664.337 517.733 3545.326 3187.205 50.000
3293.744 404.995 1277.587 3583.163 3293.744 50.000
3298.372 510.170 214.150 3545.161 3298.372 50.000
3313.389 505.352 765.134 3620.317 3313.389 50.000
3229.871 510.456 1433.978 3603.596 3229.871 50.000
3275.055 456.235 1431.457 3539.443 3275.055 50.000
3337.765 334.972 1844.166 3515.689 3337.765 50.000
3037.228 717.731 1099.820 3533.381 3037.228 50.000
3294.921 443.951 1186.486 3601.198 3294.921 50.000
3247.724 501.914 1069.417 3568.174 3247.724 50.000
3224.067 540.062 1192.883 3615.214 3224.067 50.000
3342.136 351.945 1134.089 3540.654 3342.136 50.000
3220.250 571.447 1083.468 3574.856 3220.250 50.000
3143.446 664.605 1260.407 3546.723 3143.446 50.000
3173.257 684.183 1120.778 3598.414 3173.257 50.000
3324.528 432.097 1254.043 3566.427 3324.528 50.000
3202.330 598.185 1084.160 3538.679 3202.330 50.000
3337.919 399.770 1566.323 3601.309 3337.919 50.000
3203.538 623.832 975.411 3618.207 3203.538 50.000
3289.099 572.107 997.138 3618.284 3289.099 50.000
3156.070 663.604 818.431 3628.363 3156.070 50.000
3298.316 519.467 616.530 3592.294 3298.316 50.000
3329.490 403.685 1474.295 3543.936 3329.490 50.000
3058.761 788.550 842.817 3564.579 3058.761 50.000
3220.612 575.589 1037.874 3584.229 3220.612 50.000
3220.319 632.506 897.634 3572.152 3220.319 50.000
3248.378 594.289 893.189 3572.387 3248.378 50.000
3300.588 483.271 922.054 3593.211 3300.588 50.000
3238.381 589.238 845.614 3571.492 3238.381 50.000
3237.554 571.854 879.894 3585.113 3237.554 50.000
3198.947 683.693 825.808 3612.091 3198.947 50.000
3165.989 683.079 1039.054 3587.302 3165.989 50.000
3298.670 391.646 1697.756 3537.076 3298.670 50.000
3331.109 488.665 869.038 3599.202 3331.109 50.000
3233.637 560.974 1548.552 3628.063 3233.637 50.000
3361.420 379.336 1596.313 3579.021 3361.420 50.000
3348.852 389.796 1410.056 3588.825 3348.852 50.000
3336.640 444.065 975.226 3576.863 3336.640 50.000
3357.831 275.144 2113.828 3599.898 3357.831 50.000
3061.472 816.818 805.794 3600.358 3061.472 50.000
3208.561 702.012 21.609 3650.293 3208.561 50.000
3172.980 742.785 804.061 3655.742 3172.980 50.000
3278.914 532.066 1367.144 3647.830 3278.914 50.000
3359.499 378.707 1653.342 3679.720 3359.499 50.000
3269.506 656.248 958.895 3640.628 3269.506 50.000
3077.952 816.333 823.769 3634.892 3077.952 50.000
3260.708 599.154 744.098 3675.791 3260.708 50.000
3260.681 540.542 1278.292 3636.330 3260.681 50.000
3327.075 469.735 1030.778 3714.889 3327.075 50.000
3238.894 551.631 950.228 3632.324 3238.894 50.000
3390.303 465.798 1029.017 3673.712 3390.303 50.000
3189.992 685.264 959.114 3626.987 3189.992 50.000
3429.264 309.292 1326.903 3611.187 3429.264 50.000
3277.842 650.265 842.683 3617.068 3277.842 50.000
3251.602 685.644 748.621 3649.746 3251.602 50.000
3409.411 403.088 1074.534 3672.160 3409.411 50.000
3403.547 419.612 907.344 3657.756 3403.547 50.000
3092.936 786.210 827.611 3599.162 3092.936 50.000
3307.970 515.041 794.383 3603.829 3307.970 50.000
3056.773 851.795 797.358 3628.766 3056.773 50.000
3210.839 692.928 797.034 3637.754 3210.839 50.000
3162.230 768.339 783.332 3630.061 3162.230 50.000
3233.946 699.172 27.500 3703.352 3233.946 50.000
3288.987 548.635 1103.252 3639.163 3288.987 50.000
3395.155 434.063 1273.497 3627.512 3395.155 50.000
3121.083 759.705 982.264 3654.826 3121.083 50.000
3314.292 552.125 1234.970 3628.274 3314.292 50.000
3156.415 769.364 997.875 3661.202 3156.415 50.000
3230.000 663.072 1105.806 3638.573 3230.000 50.000
3195.644 702.320 846.521 3663.882 3195.644 50.000
3250.725 685.622 1116.407 3643.363 3250.725 50.000
3098.685 846.476 793.443 3644.565 3098.685 50.000
3308.057 572.545 946.229 3611.946 3308.057 50.000
3382.755 508.671 371.291 3630.102 3382.755 50.000
3336.350 484.538 1622.356 3640.881 3336.350 50.000
3400.724 378.319 1350.276 3659.123 3400.724 50.000
3236.690 684.654 831.311 3627.913 3236.690 50.000
3235.660 655.582 934.077 3646.689 3235.660 50.000
3212.299 616.806 994.784 3726.477 3212.299 50.000
3352.733 481.193 1453.037 3651.035 3352.733 50.000
3290.259 472.427 1593.018 3619.474 3290.259 50.000
3300.615 543.130 1484.066 3641.576 3300.615 50.000
3318.939 685.976 24.977 3718.806 3318.939 50.000
3369.589 521.059 1116.061 3655.159 3369.589 50.000
3164.441 799.949 870.838 3644.542 3164.441 50.000
3124.778 768.588 862.567 3695.188 3124.778 50.000
3174.030 778.339 940.247 3646.375 3174.030 50.000
3160.838 728.827 808.021 3727.379 3160.838 50.000
3047.111 901.093 381.162 3681.911 3047.111 50.000
3392.311 385.922 1717.418 3658.559 3392.311 50.000
3363.064 556.249 979.784 3682.401 3363.064 50.000
3414.091 435.167 1323.267 3630.902 3414.091 50.000
3162.341 753.086 968.584 3647.632 3162.341 50.000
3147.267 804.727 734.015 3677.466 3147.267 50.000
3252.214 645.510 932.965 3672.190 3252.214 50.000
3351.885 491.089 1541.236 3681.857 3351.885 50.000
3199.107 679.472 1023.537 3655.076 3199.107 50.000
3326.072 574.403 1014.681 3658.874 3326.072 50.000
3429.632 304.048 2159.047 3732.474 3429.632 50.000
3342.231 615.387 752.250 3704.413 3342.231 50.000
3403.592 395.388 1421.424 3676.683 3403.592 50.000
3283.091 647.271 933.602 3660.533 3283.091 50.000
3324.677 572.056 745.942 3691.174 3324.677 50.000
3322.155 603.465 1007.115 3662.364 3322.155 50.000
3321.585 574.663 1358.838 3652.504 3321.585 50.000
3304.035 648.940 744.445 3700.566 3304.035 50.000
3375.720 533.881 884.137 3698.277 3375.720 50.000
3390.592 514.916 785.717 3692.188 3390.592 50.000
3415.436 405.172 1713.149 3715.740 3415.436 50.000
3435.432 446.381 1123.576 3693.248 3435.432 50.000
3385.062 565.383 662.260 3693.399 3385.062 50.000
3402.213 556.238 946.092 3712.293 3402.213 50.000
3353.622 616.909 284.644 3687.106 3353.622 50.000
3278.207 732.511 1013.654 3727.906 3278.207 50.000
3313.760 614.733 1039.691 3685.589 3313.760 50.000
3047.595 888.184 584.967 3681.039 3047.595 50.000
3271.931 680.496 997.912 3690.754 3271.931 50.000
3338.070 539.895 988.149 3724.644 3338.070 50.000
3197.938 724.229 959.507 3688.423 3197.938 50.000
3407.503 427.281 1508.182 3712.984 3407.503 50.000
3310.308 717.177 799.649 3683.862 3310.308 50.000
3280.051 674.256 915.105 3696.384 3280.051 50.000
3428.973 511.203 750.128 3702.957 3428.973 50.000
3486.605 349.927 1606.610 3693.380 3486.605 50.000
3047.975 906.391 217.494 3658.188 3047.975 50.000
3317.017 644.810 497.457 3704.781 3317.017 50.000
3312.388 612.342 1176.711 3709.419 3312.388 50.000
3412.050 434.187 1629.358 3693.253 3412.050 50.000
3312.958 567.322 878.474 3694.503 3312.958 50.000
3467.592 395.682 1056.413 3662.608 3467.592 50.000
3307.104 603.674 676.411 3671.407 3307.104 50.000
3430.221 468.497 1151.764 3722.397 3430.221 50.000
3392.020 491.391 1080.327 3663.989 3392.020 50.000
3217.259 767.316 764.583 3680.719 3217.259 50.000
3414.944 363.610 1845.746 3694.826 3414.944 50.000
3481.368 323.871 1864.039 3717.591 3481.368 50.000
3493.452 377.890 1433.825 3706.848 3493.452 50.000
3308.732 621.979 1275.654 3730.120 3308.732 50.000
3411.777 495.377 1247.712 3693.432 3411.777 50.000
3336.154 598.173 701.873 3713.403 3336.154 50.000
3231.123 681.977 992.107 3684.569 3231.123 50.000
3276.863 702.686 1004.229 3715.052 3276.863 50.000
3511.263 317.845 1366.714 3724.448 3511.263 50.000
3304.326 660.869 966.311 3699.003 3304.326 50.000
3380.841 475.462 1534.078 3741.649 3380.841 50.000
3343.061 656.987 459.284 3747.143 3343.061 50.000
3402.097 483.412 1394.414 3694.210 3402.097 50.000
3450.496 394.453 1233.717 3724.539 3450.496 50.000
3244.891 747.884 856.709 3730.171 3244.891 50.000
3348.666 589.916 1008.671 3688.031 3348.666 50.000
3380.568 531.759 1102.781 3738.877 3380.568 50.000
3385.397 552.311 1245.899 3688.730 3385.397 50.000
3399.266 525.590 1273.685 3726.219 3399.266 50.000
3360.625 639.535 1080.617 3727.972 3360.625 50.000
3337.981 664.794 780.594 3751.785 3337.981 50.000
3419.250 585.792 488.320 3724.840 3419.250 50.000
3324.166 708.045 890.647 3751.875 3324.166 50.000
3465.580 424.609 1121.857 3783.079 3465.580 50.000
3333.239 677.311 967.422 3715.551 3333.239 50.000
3272.269 689.005 1065.086 3756.534 3272.269 50.000
3469.504 394.695 1942.740 3760.530 3469.504 50.000
3356.348 659.055 488.276 3722.666 3356.348 50.000
3321.624 657.846 863.173 3725.395 3321.624 50.000
3496.479 439.788 1028.431 3752.757 3496.479 50.000
3394.958 550.719 1048.946 3722.009 3394.958 50.000
3370.519 600.955 1089.629 3745.360 3370.519 50.000
3291.328 693.419 1035.075 3797.472 3291.328 50.000
3249.979 723.859 898.606 3735.969 3249.979 50.000
3376.682 566.370 1106.802 3757.491 3376.682 50.000
3316.202 605.706 1132.485 3754.603 3316.202 50.000
3392.054 586.339 906.818 3793.542 3392.054 50.000
3308.432 654.317 533.172 3749.894 3308.432 50.000
3393.153 522.774 1025.050 3742.692 3393.153 50.000
3463.404 393.840 1816.194 3746.475 3463.404 50.000
3460.863 383.092 2164.999 3749.148 3460.863 50.000
3433.646 436.807 1573.139 3794.590 3433.646 50.000
3205.540 763.607 33.255 3709.472 3205.540 50.000
3323.928 645.613 641.296 3733.917 3323.928 50.000
3331.588 688.451 866.461 3732.362 3331.588 50.000
3415.674 564.681 1074.425 3729.843 3415.674 50.000
3378.076 569.490 1040.700 3688.852 3378.076 50.000
3353.611 625.933 1007.917 3735.106 3353.611 50.000
3283.814 765.152 768.259 3710.039 3283.814 50.000
3492.287 378.789 1479.973 3739.032 3492.287 50.000
3355.020 574.720 1235.872 3772.462 3355.020 50.000
3233.701 799.103 832.256 3728.265 3233.701 50.000
3341.677 722.403 981.387 3785.423 3341.677 50.000
3313.616 717.782 813.886 3762.426 3313.616 50.000
3390.551 682.688 538.127 3780.049 3390.551 50.000
3297.034 726.137 954.884 3795.174 3297.034 50.000
3344.281 634.619 1310.913 3742.122 3344.281 50.000
3476.321 454.215 714.981 3764.945 3476.321 50.000
3513.103 382.985 1565.159 3733.929 3513.103 50.000
3485.045 416.067 1195.053 3754.641 3485.045 50.000
3348.278 692.960 967.243 3799.270 3348.278 50.000
3415.814 540.282 1123.534 3735.724 3415.814 50.000
3447.672 519.053 909.824 3766.205 3447.672 50.000
3370.347 654.892 904.750 3772.103 3370.347 50.000
3401.495 663.974 921.575 3750.708 3401.495 50.000
3512.640 367.544 1887.569 3734.266 3512.640 50.000
3478.202 475.852 893.781 3708.993 3478.202 50.000
3416.805 598.925 659.097 3736.046 3416.805 50.000
3403.877 618.769 927.468 3759.141 3403.877 50.000
3476.065 479.619 975.477 3730.586 3476.065 50.000
3415.681 561.561 736.173 3722.714 3415.681 50.000
3537.631 291.986 2094.120 3741.748 3537.631 50.000
3371.735 710.308 442.491 3790.272 3371.735 50.000
3429.177 501.556 847.965 3758.884 3429.177 50.000
3419.205 587.617 842.090 3719.061 3419.205 50.000
3504.708 475.660 733.278 3764.609 3504.708 50.000
3456.387 530.492 1094.637 3746.272 3456.387 50.000
3602.761 90.396 3150.304 3750.185 3602.761 50.000
3553.455 284.373 2262.840 3769.481 3553.455 50.000
3515.754 425.989 867.424 3711.370 3515.754 50.000
3393.151 686.690 237.135 3752.537 3393.151 50.000
3261.989 798.614 865.135 3740.094 3261.989 50.000
3383.455 733.435 49.545 3740.828 3383.455 50.000
3397.805 623.568 788.216 3785.232 3397.805 50.000
3497.688 530.078 938.821 3820.214 3497.688 50.000
3502.553 471.431 814.601 3777.825 3502.553 50.000
3498.164 465.140 928.041 3763.622 3498.164 50.000
3444.019 506.572 1443.935 3750.001 3444.019 50.000
3264.616 850.365 390.783 3726.378 3264.616 50.000
3365.565 681.950 751.940 3752.104 3365.565 50.000
3458.962 597.485 884.932 3781.191 3458.962 50.000
3475.022 556.518 896.374 3781.943 3475.022 50.000
3594.165 130.557 3031.564 3740.067 3594.165 50.000
3552.727 229.035 2604.355 3764.807 3552.727 50.000
3568.986 367.356 1367.972 3775.837 3568.986 50.000
3410.719 641.932 1028.209 3808.167 3410.719 50.000
3309.891 706.099 1052.114 3771.954 3309.891 50.000
3348.090 716.404 1091.965 3770.384 3348.090 50.000
3521.186 393.244 1705.509 3795.742 3521.186 50.000
3481.416 468.492 1428.444 3738.766 3481.416 50.000
3358.838 688.298 865.204 3768.046 3358.838 50.000
3402.898 586.806 1217.675 3761.865 3402.898 50.000
3533.243 443.173 1190.270 3784.286 3533.243 50.000
3426.319 684.096 684.088 3779.008 3426.319 50.000
3446.034 615.316 841.359 3764.139 3446.034 50.000
3508.844 480.813 1042.897 3772.860 3508.844 50.000
3539.071 532.362 814.303 3789.965 3539.071 50.000
3279.461 836.956 696.901 3789.656 3279.461 50.000
3463.393 618.373 819.009 3753.620 3463.393 50.000
3373.183 675.776 879.196 3813.249 3373.183 50.000
3529.453 479.024 1280.116 3812.275 3529.453 50.000
3251.811 884.581 47.079 3795.891 3251.811 50.000
3524.156 514.482 965.579 3788.101 3524.156 50.000
3321.029 752.387 709.335 3810.934 3321.029 50.000
3439.878 584.365 797.690 3759.186 3439.878 50.000
3284.432 698.780 1219.275 3806.316 3284.432 50.000
3510.614 411.031 1828.901 3780.889 3510.614 50.000
3417.509 670.585 1259.767 3783.819 3417.509 50.000
3545.846 421.254 1463.781 3808.585 3545.846 50.000
3508.007 538.667 1076.112 3776.439 3508.007 50.000
3589.721 300.924 1726.108 3829.098 3589.721 50.000
3405.518 681.582 829.984 3768.972 3405.518 50.000
3402.259 617.403 1341.714 3800.630 3402.259 50.000
3373.414 727.810 1087.198 3802.198 3373.414 50.000
3549.757 533.749 870.064 3825.379 3549.757 50.000
3482.076 541.876 1511.142 3816.099 3482.076 50.000
3455.327 687.335 304.697 3763.683 3455.327 50.000
3492.733 586.882 726.194 3767.842 3492.733 50.000
3551.583 470.246 1178.939 3807.068 3551.583 50.000
3432.462 637.676 1123.096 3846.609 3432.462 50.000
3592.754 300.016 2172.300 3789.312 3592.754 50.000
3619.945 282.755 2128.635 3869.384 3619.945 50.000
3387.605 771.095 133.165 3790.053 3387.605 50.000
3426.506 689.227 1129.960 3846.477 3426.506 50.000
3485.429 573.608 700.577 3803.215 3485.429 50.000
3393.165 626.823 1407.796 3845.080 3393.165 50.000
3517.023 517.503 1145.801 3786.979 3517.023 50.000
3432.715 773.923 184.482 3854.049 3432.715 50.000
3587.609 388.080 1303.269 3820.568 3587.609 50.000
3578.816 472.868 1075.412 3810.281 3578.816 50.000
3509.570 572.249 1005.723 3810.790 3509.570 50.000
3651.553 74.593 3485.443 3821.446 3651.553 50.000
3293.571 930.525 25.254 3832.540 3293.571 50.000
3517.490 564.810 1109.118 3838.515 3517.490 50.000
3506.176 556.414 913.018 3793.047 3506.176 50.000
3646.552 386.494 1001.380 3828.326 3646.552 50.000
3549.192 531.651 688.969 3870.413 3549.192 50.000
3522.033 531.255 796.356 3856.530 3522.033 50.000
3460.326 638.536 905.762 3805.005 3460.326 50.000
3526.749 628.067 710.658 3842.380 3526.749 50.000
3627.014 311.925 1566.554 3817.902 3627.014 50.000
3699.578 67.883 3563.484 3892.880 3699.578 50.000
3634.993 308.814 1951.037 3886.030 3634.993 50.000
3526.512 558.227 982.535 3872.268 3526.512 50.000
3574.432 535.940 730.354 3840.603 3574.432 50.000
3584.280 533.549 700.414 3871.554 3584.280 50.000
3570.671 599.924 26.002 3831.272 3570.671 50.000
3460.773 691.997 729.417 3823.888 3460.773 50.000
3477.688 594.461 1362.455 3883.402 3477.688 50.000
3422.768 672.289 1105.698 3835.057 3422.768 50.000
3258.764 915.445 746.459 3853.272 3258.764 50.000
3580.526 505.048 738.471 3849.922 3580.526 50.000
3534.908 629.006 522.491 3886.328 3534.908 50.000
3224.076 996.179 759.627 3795.876 3224.076 50.000
3587.685 517.328 716.895 3816.504 3587.685 50.000
3486.708 683.617 732.783 3919.222 3486.708 50.000
3240.421 986.285 15.339 3867.561 3240.421 50.000
3402.283 811.216 794.223 3884.986 3402.283 50.000
3483.532 676.511 785.670 3835.473 3483.532 50.000
3513.440 722.480 692.471 3866.991 3513.440 50.000
3492.713 617.267 768.886 3883.271 3492.713 50.000
3529.358 692.061 770.510 3898.750 3529.358 50.000
3491.337 625.780 1147.836 3831.113 3491.337 50.000
3600.536 561.445 37.761 3853.101 3600.536 50.000
3509.391 674.940 876.135 3847.262 3509.391 50.000
3573.359 531.623 1294.705 3873.017 3573.359 50.000
3474.906 712.894 804.512 3858.912 3474.906 50.000
3606.482 389.591 2327.911 3875.117 3606.482 50.000
3467.177 745.870 19.679 3839.239 3467.177 50.000
3604.971 479.223 1381.650 3922.138 3604.971 50.000
3582.878 576.540 794.463 3861.575 3582.878 50.000
3352.617 875.635 27.501 3865.609 3352.617 50.000
3533.022 543.735 1526.097 3824.211 3533.022 50.000
3612.232 383.142 1730.178 3861.466 3612.232 50.000
3549.381 616.953 553.134 3814.300 3549.381 50.000
3539.904 559.346 1212.373 3846.624 3539.904 50.000
3711.372 170.789 2656.991 3878.448 3711.372 50.000
3514.514 740.396 529.363 3916.855 3514.514 50.000
3488.390 743.135 55.254 3869.204 3488.390 50.000
3641.899 525.733 30.021 3896.545 3641.899 50.000
3490.355 869.412 10.675 3868.254 3490.355 50.000
3519.895 617.739 1405.899 3845.366 3519.895 50.000
3522.288 662.291 773.315 3867.980 3522.288 50.000
3591.772 582.913 729.209 3898.314 3591.772 50.000
3433.571 852.188 22.602 3906.463 3433.571 50.000
3473.509 731.175 837.310 3873.722 3473.509 50.000
3478.664 792.993 18.666 3923.977 3478.664 50.000
3583.212 618.384 27.874 3922.902 3583.212 50.000
3304.759 904.368 28.014 3847.714 3304.759 50.000
3607.673 546.993 796.077 3914.170 3607.673 50.000
3674.885 398.764 1242.716 3885.443 3674.885 50.000
3426.541 876.421 11.308 3921.555 3426.541 50.000
3610.353 614.550 12.403 3934.500 3610.353 50.000
3475.865 859.849 11.110 3877.177 3475.865 50.000
3586.574 642.002 665.619 3895.553 3586.574 50.000
3423.112 953.575 12.734 3902.278 3423.112 50.000
3496.458 721.064 697.880 3865.141 3496.458 50.000
3583.676 726.684 25.224 3896.153 3583.676 50.000
3631.047 522.811 825.443 3883.773 3631.047 50.000
3447.911 794.418 796.134 3933.135 3447.911 50.000
3743.844 85.147 3454.994 3898.832 3743.844 50.000
3477.537 834.332 25.365 3869.319 3477.537 50.000
3660.129 538.320 672.219 3873.719 3660.129 50.000
3645.037 511.304 1131.966 3944.497 3645.037 50.000
3694.516 289.436 2291.848 3912.539 3694.516 50.000
3691.371 529.023 16.951 3874.830 3691.371 50.000
3363.911 927.590 804.185 3980.213 3363.911 50.000
3613.978 419.465 1879.374 3887.220 3613.978 50.000
3512.403 676.524 750.170 3866.330 3512.403 50.000
3536.630 716.146 36.432 3931.458 3536.630 50.000
3610.964 560.454 698.686 3891.562 3610.964 50.000
3536.107 819.825 10.286 3929.816 3536.107 50.000
3558.826 710.692 53.349 3945.544 3558.826 50.000
3464.496 774.741 690.530 3935.723 3464.496 50.000
3751.732 292.548 1765.752 3938.408 3751.732 50.000
3587.979 630.329 710.695 3928.859 3587.979 50.000
3545.019 746.524 938.296 3946.760 3545.019 50.000
3405.146 959.863 12.866 3948.323 3405.146 50.000
3621.515 527.039 1424.943 3945.969 3621.515 50.000
3616.100 550.631 1636.889 3936.414 3616.100 50.000
3638.164 590.413 20.897 3915.140 3638.164 50.000
3616.086 522.615 1352.202 3909.687 3616.086 50.000
3488.413 861.851 529.477 3961.693 3488.413 50.000
3735.648 295.468 1870.153 3947.192 3735.648 50.000
3639.448 535.456 1155.701 3986.520 3639.448 50.000
3790.829 88.578 3446.574 3921.573 3790.829 50.000
3526.695 765.526 30.013 3958.716 3526.695 50.000
3593.182 550.374 858.021 3919.503 3593.182 50.000
3558.376 611.274 632.903 3947.292 3558.376 50.000
3501.463 797.478 708.843 3919.768 3501.463 50.000
3690.566 450.218 877.039 3914.572 3690.566 50.000
3413.637 905.847 15.752 3890.418 3413.637 50.000
3590.267 629.022 1109.227 3941.001 3590.267 50.000
3637.288 573.141 731.898 3953.347 3637.288 50.000
3677.119 512.806 889.934 3946.105 3677.119 50.000
3541.776 755.485 644.513 4003.413 3541.776 50.000
3684.995 496.886 612.494 3971.507 3684.995 50.000
3716.407 343.264 1527.736 3947.370 3716.407 50.000
3777.639 158.065 2820.127 3961.165 3777.639 50.000
3736.131 319.001 1974.492 4052.180 3736.131 50.000
3528.072 727.415 686.575 3910.585 3528.072 50.000
3462.663 1003.804 11.392 4004.966 3462.663 50.000
3595.317 665.353 531.455 3912.105 3595.317 50.000
3630.224 646.332 734.374 3969.676 3630.224 50.000
3654.503 543.538 672.778 3893.386 3654.503 50.000
3681.922 557.548 1026.789 3937.479 3681.922 50.000
3579.561 750.201 545.009 3950.027 3579.561 50.000
3679.492 482.861 1299.294 3947.642 3679.492 50.000
3734.806 321.854 1896.735 3967.223 3734.806 50.000
3640.097 660.573 891.702 3965.707 3640.097 50.000
3497.467 782.684 767.549 3976.719 3497.467 50.000
3745.120 445.200 667.065 3922.479 3745.120 50.000
3670.540 463.695 1434.831 3953.278 3670.540 50.000
3487.390 791.845 641.008 3916.958 3487.390 50.000
3574.017 866.415 10.747 3977.063 3574.017 50.000
3521.548 889.255 26.567 3937.337 3521.548 50.000
3479.325 870.105 143.144 4001.772 3479.325 50.000
3652.649 640.174 224.374 3974.311 3652.649 50.000
3517.009 786.651 187.167 3953.002 3517.009 50.000
3608.846 649.689 899.699 3981.030 3608.846 50.000
3661.468 499.865 1534.569 3963.536 3661.468 50.000
3704.116 505.883 787.599 3999.580 3704.116 50.000
3603.361 676.967 24.158 3954.586 3603.361 50.000
3386.737 938.616 166.834 3961.603 3386.737 50.000
3642.235 524.953 1063.125 3987.439 3642.235 50.000
3530.049 853.313 499.741 3978.853 3530.049 50.000
3610.593 685.293 1002.507 3933.687 3610.593 50.000
3641.655 501.947 1674.146 3941.691 3641.655 50.000
3589.881 694.932 739.343 3969.864 3589.881 50.000
3775.053 249.897 2354.765 4003.771 3775.053 50.000
3579.488 813.665 72.051 3983.990 3579.488 50.000
3660.134 597.174 1048.761 4024.953 3660.134 50.000
3635.938 696.799 680.491 3965.139 3635.938 50.000
3632.334 586.083 690.343 3967.785 3632.334 50.000
3482.347 957.860 7.287 3955.442 3482.347 50.000
3471.758 870.030 629.507 3929.518 3471.758 50.000
3630.277 710.153 553.337 3968.947 3630.277 50.000
3781.144 411.521 1024.427 3995.959 3781.144 50.000
3550.966 704.512 1056.372 3974.797 3550.966 50.000
3752.006 365.957 1883.961 3978.462 3752.006 50.000
3816.598 117.526 3102.367 3930.537 3816.598 50.000
3757.430 436.123 879.921 3968.981 3757.430 50.000
3685.650 503.415 1170.322 3930.472 3685.650 50.000
3643.424 659.714 641.602 3967.520 3643.424 50.000
3833.758 75.895 3656.577 3947.022 3833.758 50.000
3619.277 690.350 572.212 3949.166 3619.277 50.000
3593.014 768.186 383.874 3990.862 3593.014 50.000
3706.696 655.366 19.276 3975.404 3706.696 50.000
3701.814 691.413 33.073 3980.166 3701.814 50.000
3746.076 479.199 586.549 3960.375 3746.076 50.000
3668.757 650.647 218.147 3972.217 3668.757 50.000
3626.627 727.934 617.768 3988.935 3626.627 50.000
3737.152 567.142 601.288 3974.936 3737.152 50.000
3456.432 976.746 17.053 3994.001 3456.432 50.000
3739.452 584.824 598.577 4005.822 3739.452 50.000
3595.972 912.629 31.062 4029.658 3595.972 50.000
3821.229 287.773 2202.637 3999.471 3821.229 50.000
3737.645 568.380 833.002 4010.343 3737.645 50.000
3675.325 697.462 7.459 3993.868 3675.325 50.000
3719.537 657.079 18.763 3993.871 3719.537 50.000
3684.732 611.905 741.536 4029.770 3684.732 50.000
3623.871 740.902 18.793 3965.654 3623.871 50.000
3658.800 700.961 699.454 3967.446 3658.800 50.000
3499.501 1010.419 16.016 3971.830 3499.501 50.000
3758.529 524.209 484.524 4016.389 3758.529 50.000
3547.281 859.065 811.157 4029.199 3547.281 50.000
3785.295 442.634 1643.238 4040.064 3785.295 50.000
3657.119 801.723 27.633 4000.343 3657.119 50.000
3520.426 962.480 31.573 4109.799 3520.426 50.000
3396.619 1201.037 19.324 3997.908 3396.619 50.000
3751.378 609.806 196.671 4074.525 3751.378 50.000
3631.032 833.526 33.997 4043.015 3631.032 50.000
3788.753 405.299 1307.814 4072.080 3788.753 50.000
3793.913 438.807 1509.220 4014.809 3793.913 50.000
3557.092 897.904 14.910 3991.516 3557.092 50.000
3764.223 505.157 1449.271 4042.182 3764.223 50.000
3710.013 668.290 556.878 4023.621 3710.013 50.000
3745.944 551.558 1194.648 4026.786 3745.944 50.000
3606.576 947.924 23.697 4075.195 3606.576 50.000
3828.066 254.475 2387.638 3997.588 3828.066 50.000
3896.772 69.225 3695.872 4024.155 3896.772 50.000
3754.183 488.301 836.114 4022.535 3754.183 50.000
3828.112 293.182 2406.235 4022.260 3828.112 50.000
3727.195 598.499 949.501 4040.704 3727.195 50.000
3801.556 351.527 1871.374 4049.436 3801.556 50.000
3806.570 413.483 1549.284 4008.003 3806.570 50.000
3756.603 471.003 946.282 4058.757 3756.603 50.000
3637.328 779.022 20.343 4091.875 3637.328 50.000
3792.622 502.599 609.349 4078.021 3792.622 50.000
3643.795 710.607 957.613 4028.880 3643.795 50.000
3752.673 487.453 703.793 4010.960 3752.673 50.000
3652.116 798.077 791.243 4016.315 3652.116 50.000
3650.490 690.127 850.198 4008.636 3650.490 50.000
3797.530 396.750 1725.357 4028.840 3797.530 50.000
3863.466 362.050 1386.806 4072.085 3863.466 50.000
3578.367 891.423 12.773 4030.605 3578.367 50.000
3669.001 682.649 752.964 4031.331 3669.001 50.000
3832.825 465.074 612.564 4081.560 3832.825 50.000
3833.876 318.619 2276.957 4027.281 3833.876 50.000
3578.112 872.297 480.574 4044.390 3578.112 50.000
3856.166 408.450 1045.896 4091.023 3856.166 50.000
3796.501 501.442 1047.448 4054.760 3796.501 50.000
3813.832 404.032 1236.673 4024.282 3813.832 50.000
3742.003 546.979 1602.856 4057.533 3742.003 50.000
3858.507 253.958 2174.220 4037.383 3858.507 50.000
3653.705 827.519 450.079 4079.358 3653.705 50.000
3712.035 655.323 1091.242 4040.179 3712.035 50.000
3760.785 581.576 874.369 4048.330 3760.785 50.000
3659.508 721.673 687.217 4061.742 3659.508 50.000
3700.140 600.098 1396.674 4013.165 3700.140 50.000
3671.176 762.434 256.674 4042.988 3671.176 50.000
3597.276 842.555 759.402 4109.285 3597.276 50.000
3586.348 825.808 24.709 4035.328 3586.348 50.000
3517.241 991.570 32.370 4084.800 3517.241 50.000
3770.325 508.953 1035.720 4071.710 3770.325 50.000
3787.709 613.564 146.954 4073.707 3787.709 50.000
3905.241 92.717 3514.770 4095.931 3905.241 50.000
3671.022 747.851 731.758 4008.051 3671.022 50.000
3553.992 931.194 585.706 4095.722 3553.992 50.000
3641.913 772.652 791.717 4038.822 3641.913 50.000
3797.806 468.200 1492.530 4067.083 3797.806 50.000
3792.897 570.427 587.740 4062.917 3792.897 50.000
3760.647 540.473 1475.418 4028.524 3760.647 50.000
3924.766 111.381 3313.631 4088.414 3924.766 50.000
3902.098 87.873 3467.830 4062.384 3902.098 50.000
3808.009 588.393 23.318 4072.086 3808.009 50.000
3702.305 754.811 216.540 4054.248 3702.305 50.000
3663.921 712.545 725.364 4079.865 3663.921 50.000
3796.337 469.886 1627.037 4032.462 3796.337 50.000
3740.444 542.006 1420.414 4078.791 3740.444 50.000
3703.677 639.908 996.148 4046.409 3703.677 50.000
3620.024 737.102 708.867 4076.569 3620.024 50.000
3582.919 897.937 26.309 4051.473 3582.919 50.000
3642.459 832.788 23.124 4045.016 3642.459 50.000
3844.682 370.074 1433.278 4093.269 3844.682 50.000
3455.144 981.220 56.114 4069.308 3455.144 50.000
3674.100 721.810 1098.576 4073.403 3674.100 50.000
3738.335 660.867 119.876 4052.771 3738.335 50.000
3345.225 1046.817 31.332 4034.405 3345.225 50.000
3680.894 677.855 1036.943 4048.046 3680.894 50.000
3636.540 804.435 21.522 4056.525 3636.540 50.000
3878.032 230.615 2374.809 4112.904 3878.032 50.000
3799.950 385.621 1905.449 4081.698 3799.950 50.000
3462.016 1007.922 351.057 4057.063 3462.016 50.000
3720.799 726.979 16.758 4059.274 3720.799 50.000
3688.253 781.197 739.963 4077.069 3688.253 50.000
3753.274 654.025 509.169 4086.363 3753.274 50.000
3780.981 619.094 333.471 4121.940 3780.981 50.000
3745.996 625.320 835.182 4061.696 3745.996 50.000
3702.583 739.340 781.477 4127.519 3702.583 50.000
3839.361 554.133 24.011 4093.922 3839.361 50.000
3821.205 441.848 1205.266 4130.353 3821.205 50.000
3770.822 691.311 14.461 4125.149 3770.822 50.000
3723.132 714.010 280.795 4108.480 3723.132 50.000
3773.023 615.066 930.135 4055.499 3773.023 50.000
3835.170 415.581 1742.539 4064.599 3835.170 50.000
3754.579 693.515 847.158 4116.304 3754.579 50.000
3838.823 491.384 716.486 4089.050 3838.823 50.000
3748.234 708.101 727.681 4075.288 3748.234 50.000
3554.533 916.884 612.058 4090.149 3554.533 50.000
3835.405 450.449 1639.084 4077.281 3835.405 50.000
3639.055 794.507 710.741 4084.867 3639.055 50.000
3581.934 907.658 752.311 4101.838 3581.934 50.000
3588.690 937.167 17.085 4112.721 3588.690 50.000
3753.259 661.396 1101.802 4140.957 3753.259 50.000
3768.083 633.255 705.935 4109.438 3768.083 50.000
3662.830 658.886 1294.756 4064.080 3662.830 50.000
3780.278 636.412 762.537 4060.238 3780.278 50.000
3756.739 666.521 100.745 4104.975 3756.739 50.000
3882.512 353.413 2100.804 4104.520 3882.512 50.000
3814.898 559.864 665.435 4135.344 3814.898 50.000
3694.941 852.806 24.048 4106.780 3694.941 50.000
3737.783 653.195 994.513 4133.493 3737.783 50.000
3567.078 875.254 74.911 4100.560 3567.078 50.000
3858.713 499.409 773.214 4100.746 3858.713 50.000
3592.394 981.161 92.529 4081.795 3592.394 50.000
3702.703 735.184 1190.511 4054.954 3702.703 50.000
3706.629 905.359 35.513 4117.407 3706.629 50.000
3808.229 518.567 1466.123 4098.720 3808.229 50.000
3753.428 716.859 1328.376 4164.284 3753.428 50.000
3642.977 894.635 27.637 4107.993 3642.977 50.000
3804.930 626.144 781.899 4072.149 3804.930 50.000
3759.706 659.291 1136.953 4108.224 3759.706 50.000
3786.980 606.878 1071.393 4109.654 3786.980 50.000
3839.264 460.662 1120.718 4116.813 3839.264 50.000
3809.839 608.207 1334.710 4164.882 3809.839 50.000
3700.455 727.763 897.927 4154.279 3700.455 50.000
3739.048 729.604 651.386 4135.181 3739.048 50.000
3863.418 520.382 978.190 4103.549 3863.418 50.000
3860.767 523.741 612.009 4119.460 3860.767 50.000
3838.432 535.368 1087.944 4129.013 3838.432 50.000
3731.032 676.668 1429.470 4079.792 3731.032 50.000
3719.861 748.107 673.037 4074.329 3719.861 50.000
3784.791 560.981 1390.617 4132.399 3784.791 50.000
3849.050 433.301 2055.749 4168.412 3849.050 50.000
3917.690 227.432 2981.286 4131.562 3917.690 50.000
3683.010 905.800 451.589 4099.203 3683.010 50.000
3843.198 592.025 325.569 4159.000 3843.198 50.000
3613.046 794.996 1108.126 4077.367 3613.046 50.000
3671.765 872.759 22.807 4077.200 3671.765 50.000
3629.783 844.480 955.841 4163.600 3629.783 50.000
3745.040 754.643 762.561 4113.095 3745.040 50.000
3755.222 650.388 639.615 4094.127 3755.222 50.000
3847.740 475.865 1434.181 4122.151 3847.740 50.000
3669.204 784.367 1245.232 4160.545 3669.204 50.000
3822.678 515.389 2001.067 4184.744 3822.678 50.000
3472.998 1110.484 346.448 4140.225 3472.998 50.000
3876.935 382.572 1911.465 4117.257 3876.935 50.000
3773.057 647.219 710.296 4093.235 3773.057 50.000
3720.439 818.241 22.852 4105.709 3720.439 50.000
3887.037 364.883 1875.149 4096.988 3887.037 50.000
3685.483 860.129 237.464 4094.935 3685.483 50.000
3954.941 160.546 3057.880 4121.942 3954.941 50.000
3776.694 633.739 1550.800 4142.730 3776.694 50.000
3746.440 718.659 994.813 4100.259 3746.440 50.000
3898.349 372.940 2314.361 4121.387 3898.349 50.000
3785.163 701.337 767.266 4162.338 3785.163 50.000
3939.489 315.632 1786.529 4114.666 3939.489 50.000
3839.246 546.674 1192.265 4139.030 3839.246 50.000
3931.566 352.077 1951.181 4178.362 3931.566 50.000
3873.740 424.376 1675.229 4124.836 3873.740 50.000
3899.216 421.684 1546.714 4157.565 3899.216 50.000
3952.280 341.826 1676.767 4163.631 3952.280 50.000
3765.185 824.314 349.635 4160.267 3765.185 50.000
3879.628 490.003 1282.468 4149.562 3879.628 50.000
3918.440 479.270 815.073 4192.334 3918.440 50.000
3780.586 713.812 917.239 4201.078 3780.586 50.000
3973.253 159.953 3034.174 4151.479 3973.253 50.000
3952.732 177.361 3030.133 4128.005 3952.732 50.000
3904.772 495.475 886.849 4117.020 3904.772 50.000
3875.825 578.758 1045.190 4161.175 3875.825 50.000
3799.130 740.487 753.008 4132.642 3799.130 50.000
3888.436 496.888 788.754 4191.577 3888.436 50.000
3877.117 564.485 718.854 4201.587 3877.117 50.000
3864.030 557.869 1380.758 4159.036 3864.030 50.000
3843.005 609.278 1128.991 4198.713 3843.005 50.000
3880.940 501.767 1084.253 4153.334 3880.940 50.000
3803.662 770.371 63.602 4202.391 3803.662 50.000
3842.250 531.293 868.500 4178.355 3842.250 50.000
3871.481 561.145 1320.385 4197.092 3871.481 50.000
3824.251 685.916 690.270 4220.705 3824.251 50.000
3833.383 659.838 1038.247 4166.216 3833.383 50.000
4011.760 143.869 3215.679 4164.737 4011.760 50.000
3955.461 454.685 942.815 4281.152 3955.461 50.000
3879.815 477.772 1823.142 4155.994 3879.815 50.000
3702.580 806.170 1147.184 4187.344 3702.580 50.000
3792.825 692.475 1053.537 4172.332 3792.825 50.000
3900.650 487.322 1356.443 4157.313 3900.650 50.000
3802.792 713.002 720.406 4181.948 3802.792 50.000
3945.087 466.102 858.555 4185.234 3945.087 50.000
3787.650 868.392 184.974 4218.064 3787.650 50.000
3818.580 697.648 236.628 4248.163 3818.580 50.000
3872.249 610.296 910.161 4207.818 3872.249 50.000
3788.082 778.831 30.811 4182.067 3788.082 50.000
3939.901 566.498 184.080 4191.172 3939.901 50.000
3551.856 1105.832 31.283 4222.145 3551.856 50.000
3711.731 775.743 956.845 4156.337 3711.731 50.000
3913.199 521.561 1575.909 4200.149 3913.199 50.000
3771.940 832.147 186.435 4162.735 3771.940 50.000
3987.386 436.194 986.725 4212.606 3987.386 50.000
3895.905 570.536 1307.776 4175.400 3895.905 50.000
3906.969 484.373 1106.711 4140.411 3906.969 50.000
3982.835 390.108 1291.108 4185.960 3982.835 50.000
3968.269 433.651 1414.919 4240.486 3968.269 50.000
3657.670 990.385 676.190 4221.322 3657.670 50.000
4012.785 284.539 2105.459 4198.848 4012.785 50.000
3904.821 540.454 958.563 4220.955 3904.821 50.000
3960.006 525.635 675.952 4208.318 3960.006 50.000
3971.151 408.037 1385.536 4186.123 3971.151 50.000
3914.551 634.691 31.295 4242.038 3914.551 50.000
3844.912 740.380 45.049 4195.742 3844.912 50.000
3819.656 765.778 632.388 4227.971 3819.656 50.000
4062.614 90.073 3810.678 4246.632 4062.614 50.000
3960.615 478.223 1597.100 4207.243 3960.615 50.000
3903.664 660.070 685.501 4181.064 3903.664 50.000
3805.363 734.336 1361.011 4255.870 3805.363 50.000
3816.039 785.188 578.940 4217.728 3816.039 50.000
4009.366 304.791 2045.734 4229.530 4009.366 50.000
3896.787 642.389 705.676 4228.151 3896.787 50.000
3911.597 705.625 582.346 4226.041 3911.597 50.000
3709.748 1055.157 15.727 4241.742 3709.748 50.000
4023.879 269.860 2671.428 4213.626 4023.879 50.000
3892.730 751.510 662.110 4229.707 3892.730 50.000
3771.780 796.763 496.898 4239.250 3771.780 50.000
3760.795 853.911 786.750 4255.696 3760.795 50.000
3919.229 749.813 9.872 4209.892 3919.229 50.000
3727.339 883.914 23.418 4270.587 3727.339 50.000
4012.324 478.347 764.730 4208.499 4012.324 50.000
3886.779 659.444 1066.248 4265.376 3886.779 50.000
3912.691 570.605 1212.342 4262.403 3912.691 50.000
3677.060 969.806 625.529 4280.045 3677.060 50.000
3838.426 564.626 1555.291 4393.136 3838.426 50.000
3826.077 819.966 46.613 4237.299 3826.077 50.000
3624.087 971.991 502.796 4286.796 3624.087 50.000
3862.181 652.837 1477.800 4263.369 3862.181 50.000
3745.854 828.975 770.602 4219.906 3745.854 50.000
3991.228 392.296 1799.340 4233.654 3991.228 50.000
3820.915 767.154 192.509 4237.802 3820.915 50.000
3820.397 810.751 691.517 4239.183 3820.397 50.000
3977.718 452.455 977.872 4237.338 3977.718 50.000
3771.550 844.888 19.446 4211.343 3771.550 50.000
3757.135 818.769 822.743 4223.082 3757.135 50.000
3941.849 516.306 1559.901 4308.075 3941.849 50.000
3962.399 449.814 2209.988 4244.620 3962.399 50.000
3871.449 666.575 1153.161 4242.336 3871.449 50.000
3792.983 899.574 22.381 4254.186 3792.983 50.000
3872.552 594.368 1509.953 4215.869 3872.552 50.000
3817.918 711.777 987.956 4188.734 3817.918 50.000
4017.320 351.779 1982.717 4233.057 4017.320 50.000
3898.657 747.686 234.646 4278.913 3898.657 50.000
3801.920 760.956 805.826 4252.426 3801.920 50.000
3682.921 855.881 1043.337 4223.853 3682.921 50.000
3886.651 737.794 232.557 4232.356 3886.651 50.000
3715.116 902.015 862.597 4261.522 3715.116 50.000
3862.052 668.138 1156.192 4274.223 3862.052 50.000
3881.678 698.217 40.542 4290.908 3881.678 50.000
3762.857 922.969 629.802 4224.490 3762.857 50.000
3970.786 371.601 2354.022 4239.185 3970.786 50.000
3808.254 839.223 20.593 4195.580 3808.254 50.000
3981.445 476.201 1047.538 4205.976 3981.445 50.000
3989.203 507.288 860.248 4238.471 3989.203 50.000
3986.946 469.058 1548.147 4275.334 3986.946 50.000
3919.566 478.996 1817.101 4219.959 3919.566 50.000
3918.621 577.755 691.036 4230.515 3918.621 50.000
3828.609 779.552 1128.728 4311.396 3828.609 50.000
3796.638 586.141 1793.275 4197.896 3796.638 50.000
4046.226 207.747 2695.172 4216.565 4046.226 50.000
3976.160 531.931 1238.582 4250.512 3976.160 50.000
3996.577 433.950 1875.846 4231.826 3996.577 50.000
3890.068 612.410 689.056 4250.313 3890.068 50.000
3876.326 658.783 1045.737 4179.244 3876.326 50.000
3959.663 616.415 748.350 4241.116 3959.663 50.000
4007.074 495.626 592.083 4255.028 4007.074 50.000
3965.567 510.383 1366.193 4181.369 3965.567 50.000
4063.305 228.199 2563.177 4275.906 4063.305 50.000
3885.696 595.077 1893.493 4244.813 3885.696 50.000
4099.643 65.736 3984.276 4262.287 4099.643 50.000
3923.763 669.099 933.710 4247.750 3923.763 50.000
4106.072 72.760 3873.701 4224.566 4106.072 50.000
4081.792 77.789 3859.984 4246.809 4081.792 50.000
3961.553 469.683 2095.054 4250.452 3961.553 50.000
4095.605 92.594 3797.079 4234.108 4095.605 50.000
3997.546 437.372 1380.192 4246.706 3997.546 50.000
3989.496 550.502 667.536 4248.217 3989.496 50.000
3783.800 997.887 22.242 4281.573 3783.800 50.000
4013.064 476.968 1398.435 4238.453 4013.064 50.000
3897.417 794.884 52.603 4238.573 3897.417 50.000
3986.937 589.573 798.198 4270.793 3986.937 50.000
3764.949 961.215 23.866 4292.909 3764.949 50.000
4013.320 496.834 859.015 4218.039 4013.320 50.000
4082.274 215.339 2854.550 4327.640 4082.274 50.000
3983.231 420.746 2159.961 4225.126 3983.231 50.000
3932.102 651.599 1214.372 4329.879 3932.102 50.000
3948.379 545.219 886.220 4270.057 3948.379 50.000
4076.814 259.061 2341.000 4254.805 4076.814 50.000
3944.998 692.235 19.261 4223.338 3944.998 50.000
