-617.906 -452.835 -237.501 -157.128 -113.009 -72.643 -62.284
-464.726 -359.005 -227.257 -152.446 -108.302 -70.959 -64.911
-471.454 -396.850 -236.631 -148.953 -110.910 -73.502 -60.454
-365.076 -301.949 -198.254 -140.221 -103.276 -73.634 -64.397
-467.303 -395.612 -210.450 -147.362 -107.797 -73.232 -65.089
-440.840 -348.580 -219.123 -153.818 -107.157 -66.606 -60.579
-402.111 -352.326 -197.879 -149.444 -112.268 -71.128 -59.806
-394.256 -298.624 -194.113 -137.037 -105.548 -69.567 -62.795
-425.348 -330.255 -199.847 -143.552 -97.868 -66.420 -58.764
-422.856 -338.145 -216.569 -145.320 -104.132 -68.059 -58.268
-407.867 -327.754 -204.422 -144.670 -100.551 -66.591 -60.274
-387.148 -311.070 -199.933 -145.278 -106.490 -68.779 -59.429
-387.426 -289.707 -195.907 -134.035 -93.478 -63.427 -54.412
-353.286 -309.846 -183.510 -130.860 -89.842 -63.786 -56.836
-400.438 -328.127 -184.297 -129.914 -97.247 -61.568 -52.969
-378.544 -291.085 -178.400 -123.929 -91.589 -60.464 -54.353
-376.223 -325.667 -184.649 -134.211 -92.299 -62.297 -53.521
-318.996 -264.490 -171.868 -123.086 -91.301 -61.099 -54.289
-380.846 -302.257 -192.138 -125.467 -90.309 -60.404 -52.614
-318.242 -288.091 -172.113 -116.955 -90.133 -62.282 -53.108
-309.020 -263.327 -164.658 -116.338 -83.112 -57.319 -49.873
-295.186 -250.864 -151.370 -112.117 -82.994 -52.819 -46.368
-321.369 -251.498 -166.234 -116.752 -84.724 -56.878 -51.462
-375.167 -306.234 -166.996 -118.676 -81.652 -58.175 -50.445
-296.917 -248.441 -158.970 -104.241 -75.104 -53.590 -49.014
-284.113 -220.652 -138.037 -97.439 -73.729 -53.326 -49.743
-264.898 -231.915 -144.212 -108.061 -82.523 -54.106 -46.304
-303.483 -237.784 -158.870 -114.091 -84.433 -55.810 -49.322
-304.010 -250.592 -151.999 -108.153 -79.730 -53.438 -47.894
-261.516 -225.226 -135.413 -97.926 -75.274 -52.190 -47.878
-283.097 -241.994 -156.022 -111.677 -84.554 -54.824 -50.045
-254.994 -213.114 -141.293 -99.953 -73.362 -51.744 -45.327
-286.176 -225.823 -135.741 -101.232 -72.146 -52.311 -47.288
-265.044 -214.743 -147.469 -100.679 -75.252 -51.027 -47.705
-273.056 -218.030 -135.854 -94.981 -72.736 -51.900 -47.256
-256.333 -218.549 -145.330 -109.416 -81.502 -53.592 -45.437
-266.114 -215.008 -141.010 -99.799 -72.742 -52.743 -46.646
-243.236 -215.251 -136.685 -98.386 -75.924 -52.318 -47.559
-254.435 -204.228 -135.351 -106.592 -74.526 -52.959 -46.964
-279.464 -224.550 -147.160 -97.277 -69.888 -51.612 -47.369
-263.964 -218.143 -146.274 -98.641 -76.746 -54.777 -47.855
-240.577 -207.750 -141.520 -98.235 -75.343 -52.818 -48.382
-237.652 -194.631 -127.942 -90.244 -68.953 -50.498 -46.360
-223.998 -194.554 -135.457 -97.910 -73.258 -52.443 -47.710
-211.130 -180.892 -117.803 -87.397 -68.593 -50.897 -46.470
-235.926 -202.286 -132.315 -89.762 -66.060 -49.642 -46.059
-254.578 -212.392 -129.863 -87.931 -68.198 -50.653 -46.448
-229.473 -196.033 -124.276 -83.538 -64.926 -47.229 -42.833
-231.956 -197.674 -132.170 -93.915 -71.060 -54.273 -48.091
-237.497 -199.625 -127.612 -85.416 -61.012 -47.955 -44.067
-231.364 -196.917 -111.825 -82.268 -64.112 -49.695 -43.358
-223.509 -188.647 -128.551 -86.714 -65.821 -47.711 -42.974
-224.905 -194.329 -116.472 -82.337 -65.719 -49.113 -43.459
-204.962 -173.176 -109.533 -78.496 -61.988 -46.918 -41.483
-187.507 -154.181 -104.557 -77.341 -60.024 -47.888 -43.645
-187.985 -167.427 -115.504 -82.866 -65.485 -51.171 -45.131
-236.686 -184.519 -122.816 -87.543 -63.309 -50.166 -45.371
-217.536 -184.402 -117.056 -78.543 -60.292 -46.401 -43.368
-212.422 -171.690 -111.365 -77.248 -61.550 -48.141 -43.808
-198.150 -170.167 -110.443 -79.308 -61.600 -48.355 -44.021
-199.117 -162.365 -103.765 -79.192 -63.710 -46.905 -39.708
-197.349 -166.623 -100.965 -75.794 -60.271 -44.231 -39.783
-190.152 -164.078 -104.102 -79.321 -62.817 -48.035 -42.126
-199.826 -162.825 -105.454 -72.882 -61.247 -45.846 -41.908
-191.037 -157.613 -103.682 -77.284 -61.442 -46.002 -42.618
-186.302 -152.823 -105.343 -76.443 -59.045 -46.243 -41.543
-214.778 -176.103 -107.623 -75.210 -59.073 -44.063 -39.763
-203.518 -172.789 -110.347 -80.103 -58.525 -46.927 -42.038
-178.178 -149.832 -101.216 -70.874 -56.641 -43.206 -40.021
-180.848 -141.487 -91.074 -69.204 -55.430 -45.136 -41.331
-211.741 -169.590 -99.593 -70.056 -58.088 -42.698 -39.096
-180.656 -149.003 -99.584 -74.876 -56.202 -43.172 -39.380
-178.112 -151.784 -100.855 -69.622 -55.363 -42.882 -37.742
-159.266 -137.520 -94.127 -69.184 -55.321 -42.795 -37.758
-153.690 -133.531 -88.749 -64.307 -53.410 -41.112 -37.484
-153.524 -129.844 -87.781 -62.277 -51.824 -39.460 -36.630
-166.325 -143.275 -82.032 -62.235 -51.108 -39.333 -36.819
-145.067 -124.683 -89.939 -66.209 -52.446 -40.674 -35.958
-167.474 -143.002 -85.328 -63.833 -48.744 -38.960 -35.037
-180.001 -140.449 -89.118 -63.130 -49.966 -38.706 -35.707
-158.622 -134.870 -90.841 -66.072 -51.370 -38.959 -35.542
-175.951 -136.074 -87.801 -63.717 -49.436 -38.382 -34.749
-172.936 -139.714 -84.526 -61.334 -48.584 -36.835 -31.879
-153.000 -130.245 -83.588 -58.449 -46.835 -36.766 -33.322
-143.193 -122.379 -77.379 -55.943 -46.461 -34.694 -31.924
-155.667 -126.718 -83.083 -60.160 -47.434 -36.068 -32.343
-144.689 -124.592 -74.237 -54.108 -45.092 -35.260 -31.260
-144.274 -117.822 -72.268 -53.236 -44.963 -32.422 -28.591
-138.761 -110.456 -75.592 -54.993 -43.967 -34.846 -31.189
-143.291 -116.319 -66.735 -52.214 -43.312 -33.389 -30.161
-136.349 -120.557 -71.920 -52.931 -43.216 -32.554 -29.146
-140.116 -114.274 -74.223 -53.869 -42.415 -32.257 -28.353
-133.956 -113.203 -69.949 -49.338 -41.955 -32.434 -28.974
-128.952 -110.470 -69.479 -50.753 -40.261 -30.894 -27.696
-122.519 -98.904 -64.280 -47.647 -40.025 -29.090 -25.971
-119.069 -93.904 -65.398 -49.430 -41.159 -31.127 -28.867
-135.408 -112.446 -67.560 -49.370 -37.691 -27.760 -25.047
-118.806 -99.285 -63.304 -47.605 -39.009 -29.409 -25.149
-113.584 -97.063 -62.694 -46.452 -37.691 -28.011 -24.219
-112.028 -92.645 -56.504 -44.585 -37.019 -28.808 -25.182
-110.754 -94.043 -55.930 -44.606 -37.345 -27.901 -24.688
-98.026 -81.939 -53.380 -42.460 -35.612 -26.056 -22.639
-98.651 -81.778 -52.690 -42.305 -35.764 -26.031 -22.729
-105.543 -85.788 -53.685 -41.295 -34.810 -26.783 -22.934
-103.275 -87.941 -53.119 -39.972 -33.945 -26.622 -22.377
-103.008 -86.202 -51.931 -41.145 -32.890 -25.760 -22.271
-107.412 -86.917 -50.562 -40.759 -33.521 -23.923 -21.956
-86.555 -71.132 -47.520 -38.857 -31.819 -24.559 -21.504
-92.657 -77.985 -45.664 -35.373 -30.462 -22.347 -20.055
-86.958 -74.228 -45.001 -36.230 -30.084 -22.826 -20.152
-85.534 -69.393 -44.767 -36.678 -31.141 -22.135 -19.861
-79.853 -67.586 -43.571 -34.842 -30.523 -23.062 -20.563
-87.326 -67.005 -43.698 -34.580 -30.076 -23.678 -21.283
-92.844 -73.889 -44.652 -36.889 -29.509 -21.382 -19.049
-73.493 -64.441 -41.368 -34.323 -27.727 -20.932 -18.047
-76.463 -62.279 -42.737 -34.859 -28.054 -20.318 -18.087
-82.600 -63.166 -38.503 -31.910 -26.315 -18.861 -16.127
-76.666 -65.136 -41.029 -31.638 -26.175 -19.085 -16.095
-71.573 -60.614 -38.590 -31.194 -25.292 -17.082 -14.529
-63.159 -55.768 -38.541 -30.732 -26.039 -19.765 -16.149
-64.389 -52.970 -36.140 -29.261 -23.853 -16.677 -14.406
-68.620 -55.421 -36.213 -30.211 -25.011 -17.839 -14.847
-66.584 -56.678 -35.361 -28.541 -23.431 -18.387 -16.170
-69.349 -57.506 -35.775 -29.719 -24.536 -16.729 -14.302
-67.115 -58.674 -36.347 -27.304 -22.152 -15.152 -12.368
-61.429 -50.056 -32.197 -25.916 -21.146 -15.565 -13.962
-63.943 -51.061 -33.529 -26.366 -22.001 -15.565 -13.050
-57.975 -47.142 -33.269 -27.093 -21.714 -14.385 -11.197
-65.989 -50.621 -33.498 -27.617 -23.118 -17.224 -15.180
-74.582 -53.078 -34.220 -26.911 -21.389 -15.013 -12.065
-51.074 -41.261 -29.916 -23.947 -19.682 -13.558 -11.323
-58.682 -47.274 -31.504 -24.869 -20.630 -13.525 -11.143
-55.447 -43.771 -30.321 -23.702 -19.152 -12.359 -10.599
-52.254 -42.579 -26.500 -20.512 -16.833 -11.218 -8.331
-45.583 -38.668 -26.586 -21.294 -17.188 -11.037 -8.992
-53.887 -41.618 -28.423 -22.347 -17.744 -11.472 -9.522
-47.095 -37.767 -26.848 -21.074 -16.515 -11.115 -8.621
-46.636 -39.430 -25.948 -20.229 -15.571 -10.536 -8.105
-46.031 -35.985 -25.626 -20.146 -15.266 -9.742 -7.786
-44.800 -34.260 -24.860 -19.568 -15.360 -9.519 -7.343
-41.527 -33.589 -24.792 -19.028 -13.631 -7.356 -5.170
-46.845 -36.747 -22.660 -18.086 -14.102 -6.374 -4.544
-42.741 -34.786 -23.281 -17.265 -12.293 -6.720 -5.020
-41.338 -33.097 -22.505 -18.257 -14.311 -7.821 -5.770
-40.193 -34.996 -22.076 -17.595 -14.237 -8.013 -4.602
-42.208 -34.511 -22.376 -17.490 -12.604 -6.957 -4.871
-44.497 -33.099 -22.591 -17.637 -13.508 -7.205 -4.295
-38.458 -31.931 -21.674 -15.830 -12.575 -6.659 -4.729
-42.715 -34.685 -22.339 -17.004 -12.004 -5.891 -2.304
-34.339 -29.966 -20.289 -16.001 -11.664 -6.414 -2.701
-41.384 -30.975 -21.296 -15.694 -10.808 -4.401 -2.649
-37.319 -28.516 -19.064 -14.582 -10.597 -4.548 -2.791
-34.233 -26.363 -17.446 -13.439 -9.875 -4.423 -2.771
-41.288 -29.984 -18.524 -14.336 -11.015 -5.306 -1.852
-35.239 -27.923 -18.829 -14.615 -10.674 -4.069 -1.437
-32.810 -27.910 -17.481 -13.237 -8.370 -2.776 -0.979
-40.109 -29.014 -18.338 -12.792 -8.175 -3.591 -1.683
-30.534 -27.385 -17.415 -12.590 -8.525 -3.361 -0.846
-30.530 -25.216 -16.391 -11.289 -7.535 -1.842 0.891
-37.319 -26.961 -16.939 -12.439 -8.439 -3.246 -0.421
-35.840 -27.972 -17.694 -12.837 -7.868 -1.230 0.718
-32.339 -23.400 -15.657 -10.517 -6.517 -1.492 0.540
-29.644 -24.254 -15.302 -10.707 -6.845 -1.692 1.448
-25.183 -22.113 -15.473 -11.274 -7.115 -1.191 1.465
-27.724 -21.863 -14.708 -10.403 -7.497 -1.025 1.466
-29.845 -21.696 -14.995 -10.067 -6.140 -0.643 2.385
-29.754 -24.225 -14.003 -9.241 -5.377 0.728 3.353
-22.659 -18.319 -11.786 -7.965 -4.065 2.106 4.261
-21.027 -17.751 -11.447 -7.508 -4.074 0.859 3.677
-22.170 -18.419 -12.212 -8.448 -3.509 2.863 5.721
-23.153 -17.724 -10.300 -5.830 -2.885 3.380 5.539
-20.672 -16.386 -11.464 -6.854 -3.171 3.641 6.600
-21.893 -17.556 -10.225 -6.461 -2.908 2.357 4.963
-21.087 -17.454 -11.209 -6.702 -2.297 5.589 9.587
-21.132 -18.200 -9.605 -5.440 -1.673 4.543 6.971
-17.785 -15.158 -8.957 -4.698 -0.866 5.362 8.000
-20.318 -16.886 -9.234 -4.660 0.207 6.916 9.908
-21.532 -16.493 -9.240 -5.549 -1.644 3.939 7.267
-18.087 -13.446 -8.224 -4.485 -0.586 5.487 8.306
-17.597 -14.005 -7.718 -3.325 0.770 7.705 10.386
-18.247 -14.078 -6.898 -3.461 0.795 8.760 13.518
-17.427 -13.612 -6.421 -1.786 1.983 7.242 11.177
-16.411 -12.106 -5.247 -1.287 1.922 9.236 12.396
-17.860 -13.761 -5.099 -1.062 2.241 9.615 12.687
-15.058 -11.622 -4.699 -1.042 2.814 10.052 12.954
-14.042 -11.054 -4.441 -0.903 2.751 10.413 15.609
-13.542 -9.908 -3.784 0.149 4.332 12.602 17.585
-15.907 -10.650 -3.664 0.245 4.151 10.990 15.812
-13.265 -8.881 -2.751 0.959 5.050 11.802 17.007
-15.820 -11.422 -4.337 0.315 4.282 12.080 15.989
-9.398 -7.611 -1.618 2.034 5.550 13.397 16.138
-13.642 -9.977 -2.905 2.175 6.183 13.903 17.691
-13.606 -9.981 -2.689 1.273 5.658 12.615 17.236
-12.715 -9.168 -2.892 1.340 4.806 14.702 19.224
-12.362 -8.313 -2.108 1.457 5.341 14.702 18.443
-10.200 -7.629 -0.756 2.701 6.098 12.362 19.508
-10.043 -7.129 -0.920 2.568 6.576 16.148 21.390
-8.633 -5.604 0.753 4.374 8.216 16.529 24.783
-9.572 -7.499 -1.040 3.868 8.318 17.907 23.230
-6.771 -4.520 0.710 4.519 8.760 18.024 23.632
-8.403 -4.853 1.981 5.997 11.119 24.333 29.920
-10.178 -5.436 0.768 5.047 9.868 20.770 24.657
-8.690 -6.090 1.463 5.631 10.194 19.852 24.123
-6.947 -4.486 2.461 7.045 12.001 23.289 27.890
-5.911 -3.718 2.019 6.483 12.466 25.122 31.514
-8.918 -4.735 1.464 6.126 11.063 22.853 26.140
-6.988 -4.252 2.897 7.781 12.410 23.566 29.618
-9.477 -6.225 3.825 8.878 13.709 25.737 32.172
-6.630 -2.316 4.197 8.978 13.920 25.491 31.996
-8.208 -4.412 3.969 8.018 12.679 25.559 30.605
-4.479 -1.087 5.265 9.930 16.490 28.641 35.737
-7.079 -2.613 5.381 10.387 15.614 26.481 33.840
-4.375 -0.786 5.499 10.852 15.178 27.075 33.656
-3.366 -0.095 5.562 11.386 18.613 28.835 36.049
-4.759 0.214 6.699 10.794 17.900 29.873 35.329
-6.675 -1.806 6.265 10.517 16.731 26.824 33.604
-2.359 0.278 7.061 12.110 19.386 29.664 34.311
-3.941 -0.938 6.562 10.866 18.197 31.551 38.223
-2.148 0.602 7.864 12.740 18.467 34.361 39.078
-2.534 0.990 8.115 13.740 20.803 34.291 38.602
-0.125 2.187 9.429 14.674 21.979 34.063 41.217
-0.173 2.726 9.435 14.877 21.937 36.862 45.050
0.364 3.622 8.623 14.836 22.925 35.119 39.935
1.300 3.779 9.847 16.541 26.888 39.197 47.366
0.054 4.236 10.724 16.781 24.574 42.714 50.225
1.562 4.833 11.526 17.204 25.937 38.671 43.282
1.640 4.740 11.597 17.904 27.274 46.349 54.439
4.923 7.079 13.560 19.485 27.880 43.582 51.506
3.370 6.634 13.768 21.684 30.132 49.461 57.654
3.510 6.067 13.432 20.984 28.616 41.810 50.385
1.444 7.148 15.219 21.346 31.883 49.645 59.954
4.187 7.254 16.019 23.240 33.854 50.223 61.888
3.531 7.283 15.665 22.920 32.936 50.212 62.286
5.737 8.952 17.307 24.491 35.055 51.986 63.465
5.727 9.125 15.777 24.765 35.060 59.552 67.360
7.045 9.204 16.750 25.375 35.337 58.387 65.064
6.271 9.530 16.427 25.568 34.491 54.088 61.104
5.403 8.431 17.759 26.201 35.953 57.856 69.024
7.372 9.737 18.654 27.905 38.135 56.024 74.235
7.951 10.964 20.053 27.821 38.101 61.068 75.707
6.196 9.295 16.621 26.122 35.749 57.864 68.787
9.811 12.315 21.611 30.928 41.401 68.812 84.259
9.876 13.634 23.917 32.533 45.520 69.573 81.092
10.911 14.001 24.495 32.127 43.734 66.996 78.864
8.348 11.662 20.642 32.352 44.300 76.186 94.092
10.969 13.819 24.549 34.315 47.297 71.791 88.625
10.537 13.656 24.683 36.736 49.677 84.735 118.183
10.212 13.792 26.151 38.061 51.830 83.243 108.500
11.892 16.112 26.604 39.033 56.172 95.774 120.301
14.170 18.269 30.414 44.357 62.228 108.010 139.394
14.691 17.791 30.160 43.352 60.196 100.292 142.309
13.029 17.243 30.163 46.048 61.378 119.339 251.699
16.035 20.042 32.174 46.538 61.519 95.634 138.554
13.194 17.305 33.304 47.786 61.361 116.371 268.302
12.984 17.249 32.223 46.388 65.524 120.608 240.525
16.062 20.449 36.335 54.067 76.571 354.678 377.212
14.311 20.563 37.148 55.083 73.983 183.285 370.490
15.498 20.251 35.888 52.538 78.869 373.506 397.589
14.670 20.996 38.361 56.416 81.983 385.414 409.200
17.034 23.461 42.479 60.204 87.201 408.719 423.860
15.532 20.538 36.332 60.927 105.887 422.698 440.291
15.933 20.877 42.913 67.138 103.117 438.611 452.791
20.716 28.389 51.187 84.482 139.939 454.993 464.117
16.204 23.811 45.755 75.403 126.627 476.309 488.335
19.231 23.990 50.624 84.087 161.332 487.607 498.488
24.310 30.358 53.573 80.160 161.376 500.983 511.034
21.788 28.533 58.277 83.553 193.925 505.139 522.305
26.271 35.965 65.984 119.378 477.544 512.153 521.471
25.328 34.999 76.425 134.259 490.766 524.279 531.899
24.475 35.359 75.977 184.521 515.277 538.122 549.439
29.903 38.357 88.939 242.201 532.471 555.995 562.911
27.242 38.868 83.970 208.489 541.212 566.433 572.455
28.269 40.118 93.217 251.942 556.683 579.781 587.609
27.481 42.709 102.599 295.919 570.464 593.882 601.673
32.638 41.155 92.778 527.564 569.843 592.298 604.120
25.400 38.466 98.221 565.775 592.232 609.600 615.281
39.227 58.367 130.099 575.104 601.641 620.528 629.965
33.598 55.613 116.309 593.395 614.851 638.433 653.412
31.410 48.718 116.053 594.353 613.609 634.029 641.022
60.006 75.008 183.616 608.914 630.196 656.379 665.124
40.541 72.619 169.898 618.029 638.902 667.605 681.535
53.378 78.761 216.668 627.362 644.316 672.447 683.393
55.981 68.529 193.542 635.703 656.851 679.782 692.868
65.457 97.509 345.547 648.660 664.371 696.030 705.046
60.613 79.463 318.495 652.067 670.190 687.600 710.286
53.983 88.613 279.431 660.051 680.181 703.987 713.252
45.469 73.308 186.052 654.623 679.508 713.277 728.381
65.451 111.503 346.568 675.861 691.278 715.551 731.359
82.078 125.868 501.768 682.852 699.599 725.621 743.218
70.883 109.144 451.250 690.819 707.964 748.887 772.910
69.234 119.199 389.924 693.511 711.617 745.545 765.793
91.238 169.795 651.119 702.485 719.209 762.209 782.843
111.366 153.905 419.062 706.412 725.972 779.324 806.500
97.958 147.221 427.722 709.868 729.183 781.829 812.351
99.697 171.976 577.672 725.237 746.607 802.700 828.673
123.557 213.825 634.781 730.331 751.367 814.382 849.268
179.125 244.645 705.898 741.090 773.843 836.214 879.158
160.840 203.489 718.278 747.811 777.400 860.154 898.087
186.495 299.402 722.710 755.919 784.315 862.038 904.318
178.090 291.159 721.768 765.914 805.871 904.069 954.384
196.401 296.854 730.466 772.690 815.018 914.665 954.122
