5.363 5.900 7.271 8.965 11.063 14.348 18.247
5.576 6.145 7.807 9.675 11.825 19.138 21.476
6.312 6.880 9.247 11.760 15.972 32.117 48.828
7.316 8.051 11.566 16.493 23.631 55.051 69.278
8.370 10.234 17.891 29.326 54.712 89.751 103.309
11.251 15.915 38.886 64.910 78.051 108.560 123.430
23.947 37.551 67.275 78.264 92.276 131.527 158.298
46.082 55.979 78.376 100.285 124.679 184.188 205.341
60.152 67.706 101.748 128.174 170.630 216.184 223.549
82.682 94.735 150.489 200.572 213.451 227.786 238.622
128.906 159.223 205.653 220.011 232.021 254.382 262.892
186.014 201.374 215.841 225.891 237.708 252.906 258.968
200.016 209.910 228.628 241.121 253.353 269.743 276.129
216.890 230.129 248.872 263.053 277.367 298.544 306.050
225.724 236.177 266.578 283.125 297.235 316.855 322.769
246.346 259.366 295.954 307.400 321.693 340.601 344.505
255.433 274.018 311.920 322.973 334.246 348.304 354.722
287.438 306.046 327.956 339.869 351.514 369.484 377.852
302.363 317.375 336.965 351.123 362.448 385.323 396.171
327.328 334.473 357.848 369.568 381.911 405.893 419.067
346.785 354.108 380.908 397.384 411.301 449.256 470.861
362.555 377.698 400.750 416.523 434.936 485.120 514.261
393.432 403.336 427.459 452.246 485.272 560.593 614.072
383.479 411.821 457.770 501.608 543.551 661.937 685.602
427.501 444.226 512.168 602.571 685.227 759.611 796.533
423.296 465.817 576.532 674.908 731.956 887.155 921.567
526.749 573.743 690.196 753.111 892.058 1043.212 1142.857
501.070 574.798 736.577 881.660 1015.220 1266.730 1442.813
493.691 570.683 752.411 863.433 1024.969 1308.217 1475.921
662.422 695.089 782.914 987.998 1156.528 1527.292 1664.226
678.391 704.186 755.044 912.109 1021.775 1305.059 1547.101
697.206 733.474 914.463 1022.293 1161.804 1452.850 1625.743
638.853 724.225 865.819 1034.226 1270.593 1600.822 1769.447
592.543 721.486 978.785 1086.778 1294.364 1577.583 1667.594
703.746 766.329 913.089 1041.271 1206.018 1595.902 1750.616
673.766 728.987 913.778 1017.523 1267.842 1557.562 1751.616
722.979 846.054 1060.638 1196.792 1418.184 1899.032 2046.509
712.092 726.589 885.182 1064.667 1302.633 1916.803 2203.150
706.219 746.468 1031.326 1302.612 1514.040 1821.804 2073.704
681.185 745.582 906.633 1102.221 1439.344 2003.593 2169.553
726.520 778.331 1025.794 1226.454 1520.706 1888.890 2294.577
700.197 780.898 1024.009 1335.324 1623.527 2152.824 2361.437
680.850 735.089 1041.569 1454.679 1748.392 2310.714 2370.654
755.231 819.526 1039.224 1308.557 1504.327 2045.490 2349.212
754.129 785.728 1148.370 1477.969 1746.167 2347.898 2494.483
757.749 790.686 1077.709 1273.505 1661.268 2377.644 2443.979
681.921 728.928 1019.043 1091.590 1572.286 2397.573 2477.187
756.381 778.099 1097.958 1277.899 1485.241 2091.815 2326.737
750.751 770.434 1187.333 1681.694 1940.198 2331.999 2493.527
758.150 887.161 1053.359 1243.514 1465.755 2121.461 2333.839
707.131 872.073 1157.579 1307.651 1659.279 2291.754 2360.765
873.203 946.512 1130.429 1490.234 1855.672 2438.019 2548.860
739.359 754.647 953.299 1268.675 1596.677 2017.950 2500.029
746.462 769.898 989.080 1346.703 1509.747 2330.233 2594.412
751.462 809.702 1046.835 1281.526 1566.342 2210.643 2551.007
863.648 903.473 1030.380 1411.622 1627.624 2317.890 2454.072
773.571 944.356 1177.717 1625.582 2184.256 2553.896 2611.472
781.119 855.237 1095.971 1384.370 1748.492 2494.858 2570.478
751.672 832.789 1065.714 1269.795 1531.896 2316.878 2605.609
735.716 774.379 1240.666 1604.218 1968.457 2596.183 2641.023
825.635 934.524 1223.773 1349.202 1745.391 2155.904 2519.010
873.502 968.904 1169.523 1401.970 2280.603 2693.214 2797.042
778.238 833.726 1049.843 1383.873 1894.350 2622.041 2708.457
856.662 895.518 1049.275 1479.691 2125.176 2659.886 2769.038
820.242 849.078 1038.698 1395.750 1801.058 2287.966 2528.753
809.790 884.061 1279.688 1468.090 1738.873 2670.065 2738.099
769.516 838.123 1201.280 1586.928 2249.070 2653.520 2725.495
912.118 1007.430 1199.495 1440.603 2170.887 2733.190 2768.218
776.446 955.819 1353.974 1626.012 2248.847 2701.175 2747.579
863.125 1067.096 1518.945 1765.347 2462.152 2740.204 2817.731
1045.080 1072.862 1290.679 1606.823 2416.818 2699.270 2725.272
984.097 995.499 1331.050 1821.131 2312.631 2780.131 2809.955
1062.822 1112.787 1392.407 2198.009 2645.616 2772.861 2860.811
918.764 1006.123 1262.256 1543.599 1889.641 2740.949 2816.563
889.266 973.741 1350.629 2144.372 2510.816 2784.105 2859.658
1044.820 1263.137 1556.113 1749.960 2217.055 2813.097 2847.579
885.386 1051.899 1278.857 1635.462 2400.746 2842.357 2868.594
861.236 948.863 1096.155 1451.061 1919.773 2792.683 2827.511
789.043 909.696 1117.178 2088.579 2768.529 2877.216 2883.341
841.158 964.083 1164.833 1430.683 1997.137 2776.068 2802.832
992.700 1037.676 1155.794 1768.644 2223.503 2814.440 2849.891
964.595 1061.857 1343.193 1674.719 1942.553 2729.433 2806.393
997.812 1021.193 1263.499 1732.324 2421.175 2809.068 2903.350
1006.149 1038.283 1396.653 1746.768 2611.504 2904.235 2935.923
924.838 976.819 1169.688 1527.457 1979.430 2745.022 2836.447
1026.860 1205.781 1571.827 2358.034 2665.379 2892.481 2906.808
995.586 1023.351 1132.551 1696.602 2237.860 2777.605 2819.086
1014.215 1041.974 1384.646 1599.388 1995.412 2809.474 2843.026
907.664 1009.648 1157.001 1451.413 2334.430 2777.196 2839.963
919.039 1091.024 1662.056 2468.428 2764.574 2891.079 2915.310
867.105 1043.099 1326.802 1617.040 2217.331 2791.832 2818.638
934.541 1007.570 1361.657 2130.712 2792.228 2933.804 3006.012
1031.206 1123.820 1546.939 2027.155 2713.439 2923.896 2991.208
1211.412 1398.312 1774.942 2221.751 2824.560 2938.987 2989.666
899.450 973.809 1376.809 1830.774 2486.328 2911.841 2938.943
1126.405 1208.386 1671.201 2343.785 2817.356 2978.696 3036.736
854.334 892.429 1089.534 1307.436 2419.139 2916.346 2974.336
802.059 824.115 1022.053 1115.376 1425.679 2308.809 2730.184
878.080 911.896 1146.929 1401.882 1933.097 2871.659 2998.699
885.583 924.330 1233.855 1406.552 1797.275 2831.399 2936.301
