11.011 8.025 3.104 85.974 11.011 400.000
13.346 15.967 3.209 246.276 13.346 398.000
19.961 22.016 3.169 163.765 19.961 397.000
27.970 28.578 2.749 182.116 27.970 396.000
46.492 41.919 3.544 224.305 46.492 394.000
65.057 44.431 3.733 210.781 65.057 390.000
85.819 48.911 6.051 266.416 85.819 385.000
110.953 57.420 5.329 269.324 110.953 380.000
138.511 63.671 8.052 273.079 138.511 375.000
175.071 60.622 6.065 304.004 175.071 368.000
209.814 50.883 28.748 304.202 209.814 360.000
221.506 37.659 67.595 283.324 221.506 352.000
236.307 40.228 76.128 324.554 236.307 349.000
260.192 40.498 75.697 370.866 260.192 345.000
277.652 40.932 72.095 374.191 277.652 340.000
300.403 44.314 70.759 382.396 300.403 336.000
312.909 47.760 95.331 410.092 312.909 330.000
332.854 46.689 85.422 417.643 332.854 327.000
347.774 51.123 86.753 553.082 347.774 323.000
369.320 43.481 171.392 522.027 369.320 319.000
402.705 66.739 108.320 661.857 402.705 314.000
427.333 79.766 134.145 704.991 427.333 307.000
474.209 94.601 151.768 855.569 474.209 301.000
518.277 122.613 178.497 956.959 518.277 290.000
611.104 165.755 120.430 1312.889 611.104 280.000
679.407 219.023 284.773 2098.688 679.407 258.000
829.848 312.210 269.701 2357.412 829.848 242.000
934.127 390.825 243.607 2441.592 934.127 207.000
941.826 409.996 231.850 2670.571 941.826 183.000
1054.086 421.289 272.749 2342.725 1054.086 181.000
978.828 365.020 279.469 2231.514 978.828 155.000
1109.312 418.188 287.114 2436.447 1109.312 172.000
1123.823 494.041 243.212 2467.164 1123.823 142.000
1140.290 454.270 182.299 2418.169 1140.290 138.000
1115.959 426.865 276.030 2207.596 1115.959 134.000
1132.154 483.579 251.829 2687.679 1132.154 140.000
1306.820 523.918 276.052 2871.557 1306.820 136.000
1224.402 577.631 230.869 2705.507 1224.402 96.000
1313.097 552.691 264.980 2826.819 1313.097 115.000
1280.211 618.416 248.801 2853.479 1280.211 94.000
1351.535 597.857 281.278 2845.788 1351.535 102.000
1434.605 645.535 244.330 2945.562 1434.605 85.000
1450.679 661.982 239.085 2635.310 1450.679 66.000
1403.523 612.523 217.629 2868.621 1403.523 62.000
1508.274 639.548 280.616 2800.551 1508.274 73.000
1477.418 713.128 284.899 3029.937 1477.418 50.000
1386.740 683.267 292.995 2828.037 1386.740 56.000
1398.376 579.692 288.967 2711.079 1398.376 77.000
1595.645 639.087 282.164 2706.891 1595.645 74.000
1404.979 576.382 471.440 2796.924 1404.979 50.000
1457.588 605.024 232.711 2841.978 1457.588 73.000
1592.578 666.916 268.205 2930.056 1592.578 60.000
1394.790 641.636 302.734 2719.247 1394.790 50.000
1434.109 675.641 279.139 2946.441 1434.109 75.000
1454.189 634.174 699.571 2950.726 1454.189 66.000
1511.766 621.039 691.391 2834.379 1511.766 61.000
1697.225 722.957 333.204 2892.517 1697.225 50.000
1510.995 700.725 225.224 2993.438 1510.995 50.000
1461.387 647.193 586.816 2979.037 1461.387 50.000
1642.977 744.621 281.877 3045.539 1642.977 60.000
1529.163 597.657 578.561 3045.454 1529.163 50.000
1740.516 798.859 345.785 3291.020 1740.516 50.000
1590.984 745.202 301.903 3065.551 1590.984 50.000
1632.572 756.185 261.446 2907.370 1632.572 50.000
1522.993 648.003 302.821 2730.650 1522.993 50.000
1577.708 715.215 257.753 2938.211 1577.708 50.000
1723.301 748.392 602.002 2926.592 1723.301 50.000
1755.416 750.061 694.705 3051.466 1755.416 50.000
1741.909 796.193 307.733 2999.091 1741.909 50.000
1848.982 743.002 285.475 2962.916 1848.982 50.000
1824.028 730.113 769.785 3196.608 1824.028 50.000
1846.896 722.818 751.771 2860.822 1846.896 50.000
1990.309 748.739 663.572 3083.280 1990.309 50.000
1704.069 707.780 714.823 3229.508 1704.069 50.000
1937.492 775.195 690.909 3098.305 1937.492 50.000
1912.138 718.526 271.461 3028.147 1912.138 50.000
1855.176 771.455 804.644 3064.459 1855.176 50.000
1673.680 766.637 311.244 3257.065 1673.680 50.000
1931.160 907.981 322.673 3131.824 1931.160 50.000
1703.343 743.032 727.732 2997.464 1703.343 50.000
1836.554 755.962 768.375 3149.115 1836.554 50.000
1792.794 689.953 819.199 2982.252 1792.794 50.000
1864.638 782.431 718.378 3079.634 1864.638 50.000
1931.047 811.313 719.522 3105.030 1931.047 50.000
1740.626 735.851 744.574 2960.988 1740.626 50.000
2069.439 756.368 747.095 3089.708 2069.439 50.000
1792.540 758.002 711.026 3010.970 1792.540 50.000
1814.015 743.692 805.989 3256.845 1814.015 50.000
1780.081 766.591 751.439 3016.874 1780.081 50.000
2129.006 796.543 619.638 3147.285 2129.006 50.000
1812.448 721.875 775.044 3040.576 1812.448 50.000
1983.527 820.797 679.869 3056.768 1983.527 50.000
2040.470 780.097 764.734 3263.628 2040.470 50.000
2240.846 690.679 1000.663 3089.000 2240.846 50.000
1918.138 801.478 770.101 3091.817 1918.138 50.000
2193.114 756.253 872.886 3175.732 2193.114 50.000
1778.110 863.655 718.656 3102.123 1778.110 50.000
1453.382 696.639 718.129 3135.827 1453.382 50.000
1705.974 789.387 784.820 3293.443 1705.974 61.000
1663.984 748.134 760.355 3201.414 1663.984 50.000
