 Iter | Train MDP | Test MDP | Best (on Train) | Episodes so far 
  0 10.46 11.87 -100000000.00 400    400 
  1 15.99 40.62 10.46 398    798 
  2 38.65 84.51 15.99 397   1195 
  3 77.16 133.00 38.65 391   1586 
  4 115.30 181.77 77.16 382   1968 
  5 178.49 198.26 115.30 374   2342 
  6 213.55 296.53 178.49 359   2701 
  7 287.76 317.63 213.55 351   3052 
  8 313.54 321.89 287.76 333   3385 
  9 337.22 330.39 313.54 327   3712 
 10 364.72 422.61 337.22 322   4034 
 11 444.36 441.78 364.72 315   4349 
 12 593.93 611.80 444.36 297   4646 
 13 1075.34 665.75 593.93 262   4908 
 14 1128.14 611.93 1075.34 150   5058 
 15 1113.29 660.30 1128.14 137   5195 
 16 1077.92 588.23 1128.14 141   5336 
 17 1380.04 751.61 1128.14 149   5485 
 18 1400.90 782.48 1380.04  78   5563 
 19 1678.74 740.60 1400.90  74   5637 
 20 1806.40 715.57 1678.74  50   5687 
 21 1875.57 743.65 1806.40  50   5737 
 22 1738.52 681.33 1875.57  50   5787 
 23 1785.08 699.43 1875.57  50   5837 
 24 1768.24 708.71 1875.57  50   5887 
 25 1470.23 707.83 1875.57  50   5937 
 26 2030.64 733.47 1875.57  57   5994 
 27 2060.45 754.69 2030.64  50   6044 
 28 1985.02 689.24 2060.45  50   6094 
 29 2396.83 637.10 2060.45  50   6144 
 30 2264.71 664.52 2396.83  50   6194 
 31 2453.90 668.69 2396.83  50   6244 
 32 2794.11 619.07 2453.90  50   6294 
 33 2590.74 613.15 2794.11  50   6344 
 34 2634.51 616.76 2794.11  50   6394 
 35 2694.41 611.66 2794.11  50   6444 
 36 2689.79 538.63 2794.11  50   6494 
 37 2050.35 524.66 2794.11  50   6544 
 38 2155.29 489.37 2794.11  50   6594 
 39 2860.93 604.79 2794.11  50   6644 
 40 2867.39 453.40 2860.93  50   6694 
 41 2451.03 483.16 2867.39  50   6744 
 42 2814.71 443.99 2867.39  50   6794 
 43 2777.68 452.51 2867.39  50   6844 
 44 2732.33 461.42 2867.39  50   6894 
 45 2958.48 496.28 2867.39  50   6944 
 46 2885.05 466.02 2958.48  50   6994 
 47 2592.32 490.77 2958.48  50   7044 
 48 2823.83 465.02 2958.48  50   7094 
 49 2385.41 469.27 2958.48  50   7144 
 50 2805.60 532.09 2958.48  50   7194 
 51 3123.22 472.30 2958.48  50   7244 
 52 2414.60 469.66 3123.22  50   7294 
 53 1969.40 482.39 3123.22  50   7344 
 54 2547.25 495.05 3123.22  50   7394 
 55 3171.53 523.32 3123.22  50   7444 
 56 3263.29 432.39 3171.53  50   7494 
 57 2751.92 425.82 3263.29  50   7544 
 58 1917.92 463.92 3263.29  50   7594 
 59 2446.99 506.74 3263.29  50   7644 
 60 3024.99 526.74 3263.29  50   7694 
 61 3041.57 439.74 3263.29  50   7744 
 62 2291.17 522.13 3263.29  50   7794 
 63 2705.72 539.49 3263.29  50   7844 
 64 2615.71 480.59 3263.29  50   7894 
 65 2815.80 515.69 3263.29  50   7944 
 66 3049.20 428.33 3263.29  50   7994 
 67 2800.49 462.44 3263.29  50   8044 
 68 2918.87 482.90 3263.29  50   8094 
 69 3134.48 514.85 3263.29  50   8144 
 70 3081.46 486.36 3263.29  50   8194 
 71 3129.55 575.36 3263.29  50   8244 
 72 2642.77 471.38 3263.29  50   8294 
 73 2953.28 453.20 3263.29  50   8344 
 74 3221.85 610.35 3263.29  50   8394 
 75 2784.25 593.12 3263.29  50   8444 
 76 3026.64 568.10 3263.29  50   8494 
 77 2975.89 588.61 3263.29  50   8544 
 78 3034.40 486.55 3263.29  50   8594 
 79 3240.39 449.88 3263.29  50   8644 
 80 3081.98 468.05 3263.29  50   8694 
 81 2626.61 361.74 3263.29  50   8744 
 82 2129.95 394.52 3263.29  50   8794 
 83 1721.57 468.00 3263.29  50   8844 
 84 2662.00 471.03 3263.29  50   8894 
 85 2529.27 474.78 3263.29  50   8944 
 86 2754.66 501.97 3263.29  50   8994 
 87 2985.30 509.68 3263.29  50   9044 
 88 3060.31 504.55 3263.29  50   9094 
 89 3135.46 505.46 3263.29  50   9144 
 90 3081.20 503.08 3263.29  50   9194 
 91 3080.09 454.07 3263.29  50   9244 
 92 3060.78 478.37 3263.29  50   9294 
 93 3069.87 484.43 3263.29  50   9344 
 94 3152.35 504.42 3263.29  50   9394 
 95 2857.92 509.97 3263.29  50   9444 
 96 2757.85 525.96 3263.29  50   9494 
 97 3212.78 529.79 3263.29  50   9544 
 98 2994.60 506.82 3263.29  50   9594 
 99 3175.15 533.58 3263.29  50   9644 
100 3205.11 556.37 3263.29  50   9694 
101 3240.64 563.14 3263.29  50   9744 
102 3145.43 535.85 3263.29  50   9794 
103 3090.49 537.05 3263.29  50   9844 
104 3136.04 523.55 3263.29  50   9894 
105 3226.28 577.41 3263.29  50   9944 
106 3124.08 524.21 3263.29  50   9994 
107 3138.90 533.15 3263.29  50  10044 
108 3236.50 493.98 3263.29  50  10094 
109 3023.32 478.88 3263.29  50  10144 
110 2599.67 504.24 3263.29  50  10194 
111 2810.84 546.96 3263.29  50  10244 
112 3074.78 539.61 3263.29  50  10294 
113 3037.25 540.31 3263.29  50  10344 
114 3278.07 543.05 3263.29  50  10394 
115 3188.89 514.68 3278.07  50  10444 
116 3247.11 496.06 3278.07  50  10494 
117 3240.60 448.24 3278.07  50  10544 
118 3263.50 452.57 3278.07  50  10594 
119 3083.44 436.93 3278.07  50  10644 
120 2863.27 463.81 3278.07  50  10694 
121 2965.26 465.21 3278.07  50  10744 
122 2955.80 480.54 3278.07  50  10794 
123 2923.08 484.22 3278.07  50  10844 
124 3132.59 470.19 3278.07  50  10894 
125 3121.57 488.12 3278.07  50  10944 
126 3321.98 471.85 3278.07  50  10994 
127 3224.22 483.62 3321.98  50  11044 
128 3137.07 561.24 3321.98  50  11094 
129 3161.21 560.31 3321.98  50  11144 
130 3090.60 519.46 3321.98  50  11194 
131 3237.10 502.74 3321.98  50  11244 
132 3050.10 490.41 3321.98  50  11294 
133 2898.82 507.83 3321.98  50  11344 
134 3063.64 483.44 3321.98  50  11394 
135 3021.89 474.80 3321.98  50  11444 
136 2893.57 463.85 3321.98  50  11494 
137 3204.23 445.91 3321.98  50  11544 
138 3273.73 445.90 3321.98  50  11594 
139 2959.84 436.48 3321.98  50  11644 
140 2988.85 448.08 3321.98  50  11694 
141 3096.59 441.95 3321.98  50  11744 
142 3319.32 449.21 3321.98  50  11794 
143 3156.24 433.28 3321.98  50  11844 
144 3117.17 440.66 3321.98  50  11894 
145 3204.85 449.14 3321.98  50  11944 
146 3398.39 436.37 3321.98  50  11994 
147 3385.69 424.85 3398.39  50  12044 
148 3282.97 443.27 3398.39  50  12094 
149 3087.24 444.16 3398.39  50  12144 
150 3046.88 369.82 3398.39  50  12194 
151 2662.71 425.41 3398.39  50  12244 
152 2893.49 461.91 3398.39  50  12294 
153 3265.20 461.42 3398.39  50  12344 
154 3299.01 465.82 3398.39  50  12394 
155 3027.34 468.67 3398.39  50  12444 
156 3217.45 473.06 3398.39  50  12494 
157 3029.57 486.01 3398.39  50  12544 
158 3389.36 501.33 3398.39  50  12594 
159 3183.00 417.26 3398.39  50  12644 
160 2351.04 506.48 3398.39  50  12694 
161 3219.67 509.01 3398.39  50  12744 
162 3309.96 530.77 3398.39  50  12794 
163 3074.10 542.41 3398.39  50  12844 
164 3249.67 521.63 3398.39  50  12894 
165 3282.82 537.04 3398.39  50  12944 
166 3385.01 514.31 3398.39  50  12994 
167 3313.54 539.28 3398.39  50  13044 
168 3370.27 513.50 3398.39  50  13094 
169 3394.76 476.24 3398.39  50  13144 
170 2811.00 489.93 3398.39  50  13194 
171 3314.81 492.09 3398.39  50  13244 
172 3287.75 488.20 3398.39  50  13294 
173 3241.90 502.09 3398.39  50  13344 
174 3466.21 490.80 3398.39  50  13394 
175 3315.50 480.19 3466.21  50  13444 
176 3244.19 469.95 3466.21  50  13494 
177 3150.92 486.80 3466.21  50  13544 
178 2748.16 485.44 3466.21  50  13594 
179 3210.05 484.12 3466.21  50  13644 
180 3402.27 456.75 3466.21  50  13694 
181 3372.32 474.62 3466.21  50  13744 
182 3203.87 467.86 3466.21  50  13794 
183 3467.23 480.01 3466.21  50  13844 
184 3424.66 459.95 3467.23  50  13894 
185 3246.10 466.44 3467.23  50  13944 
186 3132.77 467.64 3467.23  50  13994 
187 2897.18 475.21 3467.23  50  14044 
188 3021.21 476.24 3467.23  50  14094 
189 2852.88 484.24 3467.23  50  14144 
190 3132.39 482.62 3467.23  50  14194 
191 3092.37 422.70 3467.23  50  14244 
192 2624.29 455.51 3467.23  50  14294 
193 2939.51 503.53 3467.23  50  14344 
194 3278.44 494.45 3467.23  50  14394 
195 3207.45 486.24 3467.23  50  14444 
196 3295.67 540.45 3467.23  50  14494 
197 3037.25 535.17 3467.23  50  14544 
198 3257.70 508.03 3467.23  50  14594 
199 3437.66 504.74 3467.23  50  14644 
200 3052.64 483.06 3467.23  50  14694 
201 2943.57 469.77 3467.23  50  14744 
202 3277.72 460.65 3467.23  50  14794 
203 3310.76 474.35 3467.23  50  14844 
204 3297.46 498.80 3467.23  50  14894 
205 3425.58 488.65 3467.23  50  14944 
206 3337.03 488.72 3467.23  50  14994 
207 3265.88 465.27 3467.23  50  15044 
208 3161.29 453.92 3467.23  50  15094 
209 3156.74 423.81 3467.23  50  15144 
210 3080.73 475.22 3467.23  50  15194 
211 3354.32 437.39 3467.23  50  15244 
212 3396.61 510.08 3467.23  50  15294 
213 2876.98 496.64 3467.23  50  15344 
214 3378.92 482.10 3467.23  50  15394 
215 3196.75 341.77 3467.23  50  15444 
216 1998.73 475.43 3467.23  50  15494 
217 2902.99 474.71 3467.23  50  15544 
218 3345.26 479.09 3467.23  50  15594 
219 2734.06 479.94 3467.23  50  15644 
220 3427.05 450.25 3467.23  50  15694 
221 3174.35 408.06 3467.23  50  15744 
222 2469.70 408.55 3467.23  50  15794 
223 2915.21 467.35 3467.23  50  15844 
224 3104.82 453.34 3467.23  50  15894 
225 3352.56 468.43 3467.23  50  15944 
226 3462.83 337.65 3467.23  50  15994 
227 2652.32 459.89 3467.23  50  16044 
228 3269.18 470.44 3467.23  50  16094 
229 3430.49 482.46 3467.23  50  16144 
230 3036.70 474.94 3467.23  50  16194 
231 2986.55 468.29 3467.23  50  16244 
232 3357.91 472.18 3467.23  50  16294 
233 3430.23 453.57 3467.23  50  16344 
234 3295.50 443.48 3467.23  50  16394 
235 2827.16 452.60 3467.23  50  16444 
236 2886.18 461.48 3467.23  50  16494 
237 3314.14 497.35 3467.23  50  16544 
238 3305.83 522.78 3467.23  50  16594 
239 3408.85 512.70 3467.23  50  16644 
240 3390.82 478.53 3467.23  50  16694 
241 3144.35 481.67 3467.23  50  16744 
242 3281.80 506.15 3467.23  50  16794 
243 3292.80 510.83 3467.23  50  16844 
244 3405.84 507.03 3467.23  50  16894 
245 3383.24 479.86 3467.23  50  16944 
246 3338.07 506.71 3467.23  50  16994 
247 2870.42 564.48 3467.23  50  17044 
248 3315.13 562.50 3467.23  50  17094 
249 3244.15 526.41 3467.23  50  17144 
250 3174.47 556.35 3467.23  50  17194 
251 3036.01 522.10 3467.23  50  17244 
252 3149.71 575.42 3467.23  50  17294 
253 3087.40 525.41 3467.23  50  17344 
254 3306.91 523.60 3467.23  50  17394 
255 3191.93 516.22 3467.23  50  17444 
256 3109.05 527.02 3467.23  50  17494 
257 2912.62 537.25 3467.23  50  17544 
258 2574.99 556.98 3467.23  50  17594 
259 2852.88 556.63 3467.23  50  17644 
260 3243.36 535.86 3467.23  50  17694 
261 3375.01 611.19 3467.23  50  17744 
262 3170.24 543.45 3467.23  50  17794 
263 3257.43 541.96 3467.23  50  17844 
264 3321.40 503.20 3467.23  50  17894 
265 3194.22 499.25 3467.23  50  17944 
266 3111.08 487.75 3467.23  50  17994 
267 3343.00 492.58 3467.23  50  18044 
268 3302.36 475.40 3467.23  50  18094 
269 3217.90 461.99 3467.23  50  18144 
270 2575.50 454.46 3467.23  50  18194 
271 3177.03 452.23 3467.23  50  18244 
272 3269.56 472.03 3467.23  50  18294 
273 2911.47 459.61 3467.23  50  18344 
274 3125.02 455.61 3467.23  50  18394 
275 3310.22 444.98 3467.23  50  18444 
276 3229.63 459.09 3467.23  50  18494 
277 3389.51 468.92 3467.23  50  18544 
278 3506.21 460.96 3467.23  50  18594 
279 3359.77 456.87 3506.21  50  18644 
280 3297.30 455.11 3506.21  50  18694 
281 3297.09 452.62 3506.21  50  18744 
282 3328.13 442.83 3506.21  50  18794 
283 3431.24 450.29 3506.21  50  18844 
284 3518.32 468.55 3506.21  50  18894 
285 3508.63 454.70 3518.32  50  18944 
286 3479.10 448.20 3518.32  50  18994 
287 2976.55 442.70 3518.32  50  19044 
288 3145.34 462.80 3518.32  50  19094 
289 3499.43 455.39 3518.32  50  19144 
290 3417.05 463.44 3518.32  50  19194 
291 3396.24 463.48 3518.32  50  19244 
292 3327.97 469.49 3518.32  50  19294 
293 3267.38 474.76 3518.32  50  19344 
294 3394.42 482.57 3518.32  50  19394 
295 3393.27 459.05 3518.32  50  19444 
296 3382.12 447.22 3518.32  50  19494 
297 3231.56 464.83 3518.32  50  19544 
298 3371.35 482.81 3518.32  50  19594 
299 3246.35 473.87 3518.32  50  19644 
300 3356.63 477.27 3518.32  50  19694 
 Iter | Train MDP | Test MDP | Best (on Train) | Episodes so far 
  0 468.82 470.22 -100000000.00  50     50 
