10.457 6.025 3.139 45.418 10.457 400.000
15.987 15.110 2.267 108.000 15.987 398.000
38.649 36.686 3.065 220.507 38.649 397.000
77.156 33.187 3.102 210.779 77.156 391.000
115.297 46.700 17.447 262.225 115.297 382.000
178.489 69.601 8.958 320.771 178.489 374.000
213.548 74.930 12.527 345.652 213.548 359.000
287.755 38.980 99.327 361.899 287.755 351.000
313.543 42.234 103.857 381.147 313.543 333.000
337.221 46.234 83.759 434.712 337.221 327.000
364.718 42.381 138.952 511.399 364.718 322.000
444.362 120.956 87.675 1081.547 444.362 315.000
593.926 229.860 140.238 2003.173 593.926 297.000
1075.343 549.763 146.664 2542.676 1075.343 262.000
1128.140 547.018 197.107 2494.952 1128.140 150.000
1113.285 473.097 238.951 2528.444 1113.285 137.000
1077.917 540.428 196.933 2836.189 1077.917 141.000
1380.039 635.883 240.768 2746.680 1380.039 149.000
1400.897 699.765 243.366 2659.066 1400.897 78.000
1678.742 725.092 255.353 2994.859 1678.742 74.000
1806.398 694.550 543.091 3026.660 1806.398 50.000
1875.566 736.492 407.726 3112.188 1875.566 50.000
1738.524 714.537 563.388 3083.038 1738.524 50.000
1785.085 761.973 355.173 2974.888 1785.085 50.000
1768.240 847.706 350.676 2895.625 1768.240 50.000
1470.232 660.930 407.570 2812.164 1470.232 50.000
2030.645 820.488 386.034 3166.761 2030.645 57.000
2060.445 737.837 315.472 3166.774 2060.445 50.000
1985.025 668.250 784.476 3271.949 1985.025 50.000
2396.834 825.522 391.804 3194.809 2396.834 50.000
2264.715 857.860 392.165 3200.048 2264.715 50.000
2453.901 803.482 530.478 3238.038 2453.901 50.000
2794.107 739.903 301.872 3194.967 2794.107 50.000
2590.738 780.808 742.254 3293.130 2590.738 50.000
2634.507 843.851 305.328 3277.484 2634.507 50.000
2694.412 755.445 601.718 3276.052 2694.412 50.000
2689.790 852.080 388.283 3293.225 2689.790 50.000
2050.355 959.069 273.720 3323.983 2050.355 50.000
2155.286 970.265 522.793 3273.848 2155.286 50.000
2860.929 711.128 624.959 3325.095 2860.929 50.000
2867.392 635.455 1071.325 3266.438 2867.392 50.000
2451.032 868.130 661.084 3340.450 2451.032 50.000
2814.708 660.757 658.522 3315.347 2814.708 50.000
2777.682 880.790 661.894 3268.429 2777.682 50.000
2732.326 891.314 268.300 3325.159 2732.326 50.000
2958.475 664.043 733.821 3313.020 2958.475 50.000
2885.045 734.022 715.883 3370.101 2885.045 50.000
2592.315 858.476 578.297 3324.778 2592.315 50.000
2823.834 776.052 879.757 3331.111 2823.834 50.000
2385.406 1117.714 555.504 3333.937 2385.406 50.000
2805.597 894.361 740.344 3313.549 2805.597 50.000
3123.220 537.311 801.049 3331.233 3123.220 50.000
2414.596 1069.496 294.881 3374.505 2414.596 50.000
1969.396 981.193 668.568 3357.007 1969.396 50.000
2547.254 920.848 951.170 3381.661 2547.254 50.000
3171.531 466.931 798.386 3318.187 3171.531 50.000
3263.295 144.080 2325.148 3338.672 3263.295 50.000
2751.925 909.732 719.275 3385.209 2751.925 50.000
1917.924 1047.371 578.070 3356.582 1917.924 50.000
2446.987 1078.792 557.852 3341.893 2446.987 50.000
3024.993 652.029 617.329 3323.512 3024.993 50.000
3041.571 688.964 319.013 3334.010 3041.571 50.000
2291.167 1122.151 227.609 3321.773 2291.167 50.000
2705.717 788.800 1168.218 3346.922 2705.717 50.000
2615.708 779.756 922.172 3376.829 2615.708 50.000
2815.797 766.724 308.908 3341.851 2815.797 50.000
3049.197 615.133 621.122 3319.422 3049.197 50.000
2800.485 766.460 965.290 3333.849 2800.485 50.000
2918.875 674.468 1364.439 3400.188 2918.875 50.000
3134.480 475.448 1256.109 3348.693 3134.480 50.000
3081.456 513.472 673.692 3394.685 3081.456 50.000
3129.553 478.687 1249.164 3380.856 3129.553 50.000
2642.770 847.477 284.751 3353.019 2642.770 50.000
2953.278 683.807 798.705 3392.153 2953.278 50.000
3221.846 328.993 1615.567 3367.777 3221.846 50.000
2784.249 885.807 259.222 3365.066 2784.249 50.000
3026.642 615.666 826.654 3418.290 3026.642 50.000
2975.886 647.667 463.063 3379.985 2975.886 50.000
3034.398 691.374 216.247 3352.883 3034.398 50.000
3240.394 358.093 991.694 3359.474 3240.394 50.000
3081.982 616.557 279.192 3398.383 3081.982 50.000
2626.608 919.461 290.327 3389.588 2626.608 50.000
2129.953 1233.651 136.543 3414.637 2129.953 50.000
1721.565 1383.686 103.079 3412.136 1721.565 50.000
2661.995 1038.444 273.211 3406.845 2661.995 50.000
2529.270 832.427 267.419 3414.857 2529.270 50.000
2754.662 868.763 688.113 3370.377 2754.662 50.000
2985.304 805.776 265.403 3373.577 2985.304 50.000
3060.308 651.874 772.075 3357.062 3060.308 50.000
3135.461 461.157 1272.991 3411.006 3135.461 50.000
3081.205 529.974 826.992 3368.471 3081.205 50.000
3080.094 566.749 1111.472 3385.169 3080.094 50.000
3060.780 666.432 843.113 3365.702 3060.780 50.000
3069.867 676.206 814.620 3403.174 3069.867 50.000
3152.355 554.611 864.112 3381.406 3152.355 50.000
2857.922 696.087 1192.728 3423.407 2857.922 50.000
2757.853 810.066 889.972 3415.478 2757.853 50.000
3212.784 429.500 1104.904 3367.879 3212.784 50.000
2994.599 650.196 901.606 3358.705 2994.599 50.000
3175.147 513.580 1434.162 3381.683 3175.147 50.000
3205.115 411.347 1260.895 3363.537 3205.115 50.000
3240.640 354.395 1787.117 3388.737 3240.640 50.000
3145.431 555.439 440.915 3393.169 3145.431 50.000
3090.491 594.234 1276.985 3387.958 3090.491 50.000
3136.040 500.513 1458.135 3416.794 3136.040 50.000
3226.281 421.510 1232.848 3409.368 3226.281 50.000
3124.075 434.298 1707.516 3383.909 3124.075 50.000
3138.905 528.488 589.039 3399.875 3138.905 50.000
3236.500 299.776 2071.623 3373.135 3236.500 50.000
3023.325 551.473 1555.623 3414.326 3023.325 50.000
2599.667 739.866 1434.677 3420.005 2599.667 50.000
2810.843 834.122 269.426 3386.446 2810.843 50.000
3074.783 677.501 472.199 3379.200 3074.783 50.000
3037.248 647.648 1247.217 3409.183 3037.248 50.000
3278.069 298.720 1803.990 3387.102 3278.069 50.000
3188.892 506.471 883.022 3419.185 3188.892 50.000
3247.108 389.741 1376.114 3393.596 3247.108 50.000
3240.601 371.963 1658.684 3399.238 3240.601 50.000
3263.498 413.236 1239.793 3443.908 3263.498 50.000
3083.441 648.714 1298.359 3407.044 3083.441 50.000
2863.266 781.315 882.432 3428.519 2863.266 50.000
2965.261 811.355 454.186 3419.413 2965.261 50.000
2955.795 617.809 1275.557 3406.050 2955.795 50.000
2923.076 684.915 1265.420 3405.200 2923.076 50.000
3132.590 536.170 1481.166 3407.231 3132.590 50.000
3121.568 536.419 962.853 3401.231 3121.568 50.000
3321.981 239.835 1740.284 3425.546 3321.981 50.000
3224.221 482.820 1265.856 3422.354 3224.221 50.000
3137.067 562.436 1295.006 3418.152 3137.067 50.000
3161.207 553.797 1448.344 3425.635 3161.207 50.000
3090.603 616.641 755.641 3476.336 3090.603 50.000
3237.104 453.154 1461.385 3476.446 3237.104 50.000
3050.100 687.023 1053.680 3463.279 3050.100 50.000
2898.820 847.761 921.861 3469.593 2898.820 50.000
3063.640 628.404 1216.898 3489.000 3063.640 50.000
3021.886 754.784 955.477 3466.367 3021.886 50.000
2893.566 888.174 758.190 3470.776 2893.566 50.000
3204.226 527.966 1043.232 3443.512 3204.226 50.000
3273.734 417.576 1585.362 3460.898 3273.734 50.000
2959.835 762.934 1333.687 3500.255 2959.835 50.000
2988.846 810.508 50.354 3486.571 2988.846 50.000
3096.594 639.313 1262.505 3461.862 3096.594 50.000
3319.316 383.097 1596.405 3447.088 3319.316 50.000
3156.243 573.622 1104.781 3452.807 3156.243 50.000
3117.168 654.344 688.328 3468.229 3117.168 50.000
3204.850 614.409 828.985 3479.807 3204.850 50.000
3398.389 117.042 2620.418 3465.303 3398.389 50.000
3385.693 172.964 2308.384 3462.310 3385.693 50.000
3282.968 383.507 1627.240 3478.416 3282.968 50.000
3087.238 712.994 1054.806 3515.102 3087.238 50.000
3046.881 706.045 1216.998 3492.715 3046.881 50.000
2662.714 1366.035 48.310 3492.363 2662.714 50.000
2893.494 1155.367 40.660 3492.589 2893.494 50.000
3265.198 541.787 1060.846 3478.954 3265.198 50.000
3299.014 444.919 1579.836 3483.514 3299.014 50.000
3027.335 956.762 42.682 3488.899 3027.335 50.000
3217.452 756.037 52.690 3506.928 3217.452 50.000
3029.569 956.504 83.838 3550.564 3029.569 50.000
3389.365 347.891 1913.420 3513.557 3389.365 50.000
3182.999 786.895 209.199 3508.590 3182.999 50.000
2351.044 1334.987 45.071 3503.773 2351.044 50.000
3219.675 746.668 61.591 3506.994 3219.675 50.000
3309.960 629.685 74.369 3490.653 3309.960 50.000
3074.101 807.743 217.304 3505.077 3074.101 50.000
3249.666 548.508 777.290 3481.647 3249.666 50.000
3282.818 594.402 67.845 3474.018 3282.818 50.000
3385.012 347.577 1575.492 3481.931 3385.012 50.000
3313.538 591.203 70.593 3492.625 3313.538 50.000
3370.266 428.429 771.142 3523.965 3370.266 50.000
3394.757 337.363 1611.368 3491.116 3394.757 50.000
2811.004 983.676 1003.130 3493.519 2811.004 50.000
3314.814 562.546 1055.562 3522.256 3314.814 50.000
3287.751 551.646 1029.009 3496.125 3287.751 50.000
3241.902 653.634 1064.065 3490.150 3241.902 50.000
3466.206 16.036 3401.055 3492.865 3466.206 50.000
3315.500 561.948 219.066 3496.897 3315.500 50.000
3244.185 625.304 211.477 3503.580 3244.185 50.000
3150.925 675.245 213.430 3515.264 3150.925 50.000
2748.156 1145.781 207.764 3528.385 2748.156 50.000
3210.049 738.627 213.289 3512.950 3210.049 50.000
3402.272 345.974 1389.030 3498.290 3402.272 50.000
3372.321 415.468 1353.295 3506.016 3372.321 50.000
3203.869 735.057 1021.658 3514.960 3203.869 50.000
3467.235 61.419 3094.545 3500.464 3467.235 50.000
3424.656 217.659 1946.716 3501.676 3424.656 50.000
3246.096 545.838 1627.286 3534.637 3246.096 50.000
3132.769 691.543 1281.016 3534.592 3132.769 50.000
2897.177 731.671 1283.097 3557.377 2897.177 50.000
3021.213 796.250 750.438 3537.313 3021.213 50.000
2852.883 926.832 214.776 3545.243 2852.883 50.000
3132.386 771.998 213.492 3509.144 3132.386 50.000
3092.365 805.885 457.632 3511.513 3092.365 50.000
2624.295 1343.022 42.620 3499.584 2624.295 50.000
2939.512 1057.871 49.433 3518.269 2939.512 50.000
3278.445 573.258 459.472 3490.854 3278.445 50.000
3207.448 611.412 1029.786 3502.711 3207.448 50.000
3295.674 477.731 1616.102 3513.135 3295.674 50.000
3037.246 909.576 33.574 3510.788 3037.246 50.000
3257.697 518.853 750.940 3491.328 3257.697 50.000
3437.661 87.462 2958.686 3493.212 3437.661 50.000
3052.640 639.650 1425.828 3536.493 3052.640 50.000
2943.566 790.225 1304.849 3509.217 2943.566 50.000
3277.719 635.557 214.403 3532.118 3277.719 50.000
3310.760 547.457 518.689 3501.656 3310.760 50.000
3297.460 680.710 433.225 3500.511 3297.460 50.000
3425.575 276.361 1973.071 3513.206 3425.575 50.000
3337.029 562.425 219.127 3551.749 3337.029 50.000
3265.884 530.289 1361.266 3541.555 3265.884 50.000
3161.292 872.343 41.869 3546.141 3161.292 50.000
3156.737 747.486 421.477 3531.782 3156.737 50.000
3080.727 815.332 213.599 3544.286 3080.727 50.000
3354.322 447.638 1584.744 3529.534 3354.322 50.000
3396.613 429.012 697.654 3550.986 3396.613 50.000
2876.979 1139.788 40.168 3515.714 2876.979 50.000
3378.924 521.502 53.422 3536.732 3378.924 50.000
3196.752 805.494 61.226 3533.743 3196.752 50.000
1998.732 1637.039 27.800 3582.116 1998.732 50.000
2902.985 1013.459 38.315 3567.359 2902.985 50.000
3345.261 557.107 217.159 3522.610 3345.261 50.000
2734.057 1089.518 213.796 3533.233 2734.057 50.000
3427.053 299.153 1606.453 3531.118 3427.053 50.000
3174.347 756.648 838.004 3535.598 3174.347 50.000
2469.699 1216.938 34.972 3542.083 2469.699 50.000
2915.208 899.922 224.389 3549.102 2915.208 50.000
3104.816 686.023 904.963 3537.389 3104.816 50.000
3352.557 512.699 979.949 3533.681 3352.557 50.000
3462.834 206.266 2266.162 3535.902 3462.834 50.000
2652.324 1355.508 38.770 3531.404 2652.324 50.000
3269.180 756.341 52.065 3539.149 3269.180 50.000
3430.491 152.581 2834.824 3547.395 3430.491 50.000
3036.698 753.796 212.858 3526.383 3036.698 50.000
2986.554 682.660 1581.557 3536.219 2986.554 50.000
3357.908 408.357 1611.827 3535.613 3357.908 50.000
3430.230 248.425 2172.838 3528.740 3430.230 50.000
3295.501 601.382 805.088 3540.740 3295.501 50.000
2827.157 1132.635 723.640 3518.694 2827.157 50.000
2886.185 1094.042 781.883 3526.286 2886.185 50.000
3314.138 606.905 766.802 3559.710 3314.138 50.000
3305.830 591.204 751.964 3519.915 3305.830 50.000
3408.851 357.051 1334.161 3514.417 3408.851 50.000
3390.821 310.801 1925.018 3499.356 3390.821 50.000
3144.353 661.276 1301.518 3513.170 3144.353 50.000
3281.797 550.673 1305.529 3527.622 3281.797 50.000
3292.804 562.408 1289.827 3512.074 3292.804 50.000
3405.835 322.292 1340.212 3510.037 3405.835 50.000
3383.239 328.126 1777.507 3493.907 3383.239 50.000
3338.066 501.193 1101.882 3550.763 3338.066 50.000
2870.424 1078.803 204.393 3499.669 2870.424 50.000
3315.131 396.104 1672.597 3508.538 3315.131 50.000
3244.150 716.185 463.202 3521.588 3244.150 50.000
3174.475 702.955 469.227 3502.549 3174.475 50.000
3036.013 756.310 457.619 3522.270 3036.013 50.000
3149.708 677.362 472.401 3518.123 3149.708 50.000
3087.396 780.772 469.950 3485.609 3087.396 50.000
3306.913 449.691 1581.794 3498.969 3306.913 50.000
3191.926 608.978 754.452 3521.565 3191.926 50.000
3109.051 688.690 470.588 3508.816 3109.051 50.000
2912.617 768.161 466.043 3497.701 2912.617 50.000
2574.992 1194.614 449.959 3498.070 2574.992 50.000
2852.877 825.712 460.250 3498.797 2852.877 50.000
3243.363 486.721 1707.340 3488.587 3243.363 50.000
3375.013 425.574 461.256 3495.833 3375.013 50.000
3170.240 722.241 462.024 3468.986 3170.240 50.000
3257.429 621.634 469.519 3472.592 3257.429 50.000
3321.399 525.854 465.862 3505.211 3321.399 50.000
3194.222 658.597 467.665 3515.364 3194.222 50.000
3111.076 663.957 1358.420 3522.727 3111.076 50.000
3342.999 424.639 1356.473 3502.301 3342.999 50.000
3302.361 563.323 771.537 3494.380 3302.361 50.000
3217.897 710.860 467.448 3506.720 3217.897 50.000
2575.503 860.347 727.441 3515.308 2575.503 50.000
3177.032 733.503 1204.421 3563.422 3177.032 50.000
3269.564 710.301 474.475 3523.274 3269.564 50.000
2911.474 1025.275 215.350 3514.654 2911.474 50.000
3125.024 822.454 474.082 3516.679 3125.024 50.000
3310.224 619.886 478.121 3525.817 3310.224 50.000
3229.633 791.522 221.426 3522.902 3229.633 50.000
3389.505 475.542 1067.266 3535.505 3389.505 50.000
3506.210 8.012 3479.747 3525.068 3506.210 50.000
3359.769 526.993 1367.112 3528.223 3359.769 50.000
3297.303 590.237 1149.879 3556.123 3297.303 50.000
3297.093 542.416 1331.520 3558.441 3297.093 50.000
3328.130 604.271 872.044 3527.807 3328.130 50.000
3431.243 338.115 1669.515 3524.693 3431.243 50.000
3518.324 6.340 3504.199 3532.533 3518.324 50.000
3508.630 48.272 3177.633 3533.461 3508.630 50.000
3479.098 223.230 2309.040 3554.988 3479.098 50.000
2976.547 844.319 755.671 3564.011 2976.547 50.000
3145.341 772.305 770.953 3548.079 3145.341 50.000
3499.433 138.873 2773.664 3548.491 3499.433 50.000
3417.053 425.326 1058.755 3544.630 3417.053 50.000
3396.243 304.394 2264.876 3537.269 3396.243 50.000
3327.972 503.285 768.063 3556.630 3327.972 50.000
3267.375 628.703 755.335 3560.201 3267.375 50.000
3394.425 346.531 1605.181 3533.325 3394.425 50.000
3393.266 247.753 1954.381 3534.302 3393.266 50.000
3382.116 505.601 812.261 3538.818 3382.116 50.000
3231.556 793.891 607.668 3543.620 3231.556 50.000
3371.348 462.264 1638.335 3568.518 3371.348 50.000
3246.355 718.542 481.268 3538.887 3246.355 50.000
3356.630 555.711 1138.245 3548.540 3356.630 50.000
