5.122 5.584 7.421 9.020 10.826 15.253 17.018
5.892 6.613 8.763 10.695 14.435 24.455 31.481
7.497 9.042 15.202 25.366 36.844 79.009 92.709
28.362 38.649 66.642 78.271 88.609 109.894 117.324
67.830 72.222 88.694 104.823 124.426 168.154 183.627
76.505 94.895 140.272 191.956 225.411 248.181 255.355
89.699 113.555 196.477 237.122 259.713 282.459 290.355
248.071 259.987 280.678 293.093 305.378 322.162 326.841
287.655 297.092 312.850 322.113 329.206 340.317 344.422
311.710 319.508 334.822 343.611 352.566 369.251 373.960
326.934 335.330 353.092 364.898 377.903 399.825 410.597
341.298 353.684 391.345 419.970 460.005 539.627 590.524
383.851 398.181 456.821 543.827 646.121 797.758 875.562
484.024 575.212 754.678 908.527 1203.001 1749.452 1926.889
547.715 605.325 798.936 1038.839 1271.459 1773.086 2055.906
574.605 657.518 849.339 1006.389 1226.847 1620.548 1744.477
468.854 544.523 809.887 1001.392 1197.106 1561.352 1757.201
469.447 685.513 1052.421 1337.140 1639.972 2124.691 2302.803
483.574 663.355 1025.219 1205.087 1699.301 2337.362 2475.380
721.017 851.988 1163.955 1671.491 2034.885 2556.978 2639.863
838.058 1024.444 1326.000 1786.943 2180.699 2653.366 2737.550
947.171 1163.779 1433.607 1680.354 2395.259 2757.419 2833.578
789.687 959.895 1372.547 1688.996 2136.965 2596.452 2675.692
728.767 854.712 1320.274 1816.571 2197.519 2678.001 2741.936
586.529 659.495 1360.133 1782.519 2517.710 2706.225 2727.146
580.735 774.389 1190.608 1363.567 1731.059 2270.504 2484.205
850.839 1044.065 1626.675 2224.966 2638.705 2856.625 2887.704
1209.651 1312.890 1612.276 2085.285 2516.743 2919.799 3002.350
1190.393 1366.849 1655.679 1816.214 2218.563 2887.101 3022.679
1283.132 1465.096 2097.918 2802.397 3059.960 3127.742 3135.612
884.580 1246.084 1986.994 2497.389 2990.714 3110.063 3147.499
1328.215 1425.259 2111.470 2837.808 3107.444 3158.037 3194.573
1772.745 2423.376 3058.778 3113.895 3130.855 3164.434 3169.379
1134.993 1798.551 2498.873 3105.099 3159.575 3201.832 3229.433
1217.903 1603.596 2585.441 3180.123 3194.500 3217.398 3220.319
1418.027 1747.629 2750.197 3129.037 3162.010 3223.440 3231.957
1370.791 1466.118 3096.556 3146.119 3185.707 3216.821 3238.758
865.918 923.766 1395.291 1904.679 2663.075 3250.308 3259.706
819.425 982.801 1539.093 2108.598 3161.297 3225.341 3234.673
1744.297 2219.684 3167.063 3206.832 3226.346 3250.349 3254.688
1687.978 2079.244 3183.425 3211.547 3223.288 3249.280 3250.761
1080.650 1321.161 2197.163 2641.955 3257.550 3299.721 3303.954
1779.637 1835.180 2867.347 3198.998 3227.961 3259.039 3272.539
1067.474 1100.520 3167.634 3206.788 3228.552 3246.535 3254.609
1271.738 1505.489 3206.530 3245.598 3258.273 3277.247 3281.571
1913.443 2309.590 3224.079 3246.180 3258.848 3282.685 3286.625
1782.784 1975.133 3239.761 3256.335 3267.426 3282.641 3284.215
1021.865 1562.521 2256.314 3140.862 3263.651 3308.052 3312.847
1669.023 1792.128 3146.699 3263.801 3284.927 3306.465 3311.223
786.494 846.923 1382.396 3239.386 3277.727 3302.596 3307.882
867.115 1292.834 3200.901 3245.416 3260.636 3275.227 3281.461
3216.869 3222.694 3250.064 3269.855 3284.474 3296.966 3302.665
743.472 822.393 2088.177 3244.587 3311.502 3336.552 3344.761
911.110 964.667 1177.870 1548.824 2631.471 3320.976 3327.657
1004.487 1194.604 1986.667 3155.510 3301.028 3330.069 3336.700
3225.237 3238.651 3263.774 3281.502 3291.775 3303.074 3307.584
3231.197 3245.786 3274.558 3295.206 3306.882 3319.288 3321.853
1023.955 1451.352 3263.233 3300.438 3311.683 3325.432 3331.131
717.185 835.796 1099.066 1753.942 2452.303 3322.792 3331.814
814.865 852.397 1796.785 3279.719 3309.466 3322.485 3325.485
2010.481 2905.644 3261.201 3278.064 3290.790 3307.354 3311.925
2867.739 3164.382 3251.576 3272.938 3286.666 3306.950 3312.047
455.624 807.256 1739.994 2883.987 3262.476 3285.018 3296.120
1363.024 1529.758 2565.309 3266.571 3295.868 3326.569 3334.365
1332.980 1740.482 2234.552 3014.573 3293.301 3312.188 3319.028
1457.958 1966.307 3109.978 3268.680 3290.332 3309.045 3315.129
2514.814 3151.485 3251.059 3266.347 3277.286 3289.187 3294.830
1444.174 1760.156 2934.746 3273.667 3295.703 3308.628 3311.775
1630.950 1815.548 3269.495 3300.930 3316.533 3328.561 3334.575
2928.230 3218.242 3275.840 3297.977 3308.533 3326.040 3328.812
2353.275 2546.968 3293.410 3307.115 3311.875 3323.758 3332.692
2308.309 2923.891 3312.507 3320.047 3330.597 3337.903 3339.230
1437.852 1486.132 2342.916 3256.745 3315.776 3336.187 3337.590
1720.492 2104.660 3300.806 3322.459 3339.000 3349.606 3352.733
3169.577 3259.842 3309.222 3321.946 3332.871 3343.505 3353.132
1458.535 1737.553 3140.265 3270.504 3306.463 3318.284 3323.399
1922.982 2271.174 3276.721 3305.870 3320.513 3332.202 3334.937
2018.398 2339.266 3283.897 3315.412 3328.576 3344.434 3350.265
2148.378 2822.913 3271.593 3291.516 3308.828 3326.943 3334.139
3282.289 3287.983 3305.482 3315.966 3329.991 3338.277 3340.003
2030.189 2956.314 3306.599 3323.564 3336.210 3352.943 3354.287
1190.540 1387.543 2241.606 3301.782 3324.104 3356.233 3360.022
265.639 763.882 1172.839 2324.134 3335.922 3362.697 3365.909
142.144 151.485 292.590 1614.235 3016.309 3342.371 3351.926
922.578 1028.369 2908.097 3325.722 3344.981 3370.574 3382.312
1538.350 1574.859 1918.909 2863.303 3303.598 3330.991 3347.840
1120.462 1434.919 2790.409 3317.247 3334.956 3353.404 3361.627
1930.481 2441.599 3311.663 3321.804 3339.196 3347.774 3350.187
2083.095 3025.547 3296.192 3312.839 3316.658 3328.430 3332.973
2475.937 2948.624 3287.333 3316.654 3328.094 3342.604 3347.181
2435.698 2801.944 3292.560 3309.797 3321.404 3335.958 3350.485
1927.427 2583.396 3310.084 3319.089 3330.293 3344.978 3346.459
2526.498 2874.191 3318.598 3327.367 3337.018 3348.991 3353.863
2613.618 2759.582 3321.248 3330.281 3338.864 3353.242 3355.219
2651.549 3323.113 3338.317 3345.941 3351.146 3360.807 3363.654
1792.538 1948.583 2665.990 3333.642 3352.460 3367.549 3383.469
1517.027 1750.365 2618.702 3333.020 3356.659 3368.062 3371.419
3078.731 3297.026 3330.781 3340.432 3348.582 3356.486 3358.996
2086.392 2364.096 3301.255 3318.916 3334.036 3343.855 3348.669
3175.792 3318.814 3336.454 3342.668 3348.744 3361.986 3364.975
3247.853 3302.114 3312.773 3324.487 3331.435 3342.488 3345.358
3300.039 3304.366 3320.161 3328.805 3338.351 3345.758 3348.641
2662.299 3313.093 3327.324 3337.346 3342.752 3351.534 3353.385
1963.910 2593.844 3342.783 3349.820 3355.271 3365.264 3369.158
2192.312 2696.804 3334.220 3346.724 3354.269 3365.925 3368.126
3282.123 3310.825 3327.920 3344.241 3354.458 3369.836 3377.302
2357.507 2825.472 3310.415 3319.813 3338.137 3351.278 3355.518
2735.878 3003.714 3314.429 3329.947 3344.369 3354.464 3358.277
3095.686 3260.203 3323.968 3337.359 3345.327 3359.218 3363.330
1986.612 2236.379 3179.851 3356.741 3370.127 3377.485 3384.399
1639.470 1716.126 2065.223 2755.553 3350.254 3370.636 3381.624
1730.734 1778.479 2962.294 3340.869 3362.184 3371.516 3374.767
1931.863 2852.202 3332.614 3340.450 3352.228 3365.928 3366.979
1740.466 2235.789 3328.343 3343.506 3358.005 3373.139 3375.903
3313.668 3322.915 3347.420 3349.946 3359.854 3366.510 3370.926
3186.764 3318.502 3343.800 3346.441 3355.466 3368.350 3371.978
3162.053 3333.751 3356.033 3361.450 3367.883 3378.604 3383.434
3049.890 3331.451 3360.683 3368.512 3372.984 3378.966 3381.085
3313.985 3346.512 3365.185 3371.619 3382.367 3394.902 3398.764
1695.271 2647.409 3364.081 3378.119 3384.849 3392.938 3395.763
1517.888 1801.502 2912.285 3352.489 3371.750 3390.001 3395.787
1548.341 2260.835 3309.471 3335.954 3361.830 3375.047 3378.189
1933.678 2078.728 3028.595 3332.435 3354.991 3382.475 3389.399
1641.543 2100.029 2932.295 3349.384 3365.069 3387.177 3389.980
2308.235 2700.094 3351.459 3365.164 3371.544 3385.920 3388.378
2441.758 2656.775 3328.068 3343.390 3359.783 3370.935 3376.556
3334.420 3339.452 3352.970 3367.010 3374.719 3387.755 3391.775
3166.385 3341.735 3357.110 3372.423 3383.668 3395.359 3397.284
2024.051 2619.561 3376.300 3385.674 3391.802 3400.624 3402.086
2091.928 3023.704 3378.244 3385.534 3396.613 3402.780 3410.029
2033.921 2399.388 3378.255 3388.059 3399.045 3412.773 3414.843
2690.888 3237.561 3386.057 3398.462 3409.677 3420.397 3424.617
1667.910 2231.843 3393.303 3407.028 3419.222 3433.188 3437.729
1378.315 1628.602 3388.147 3405.836 3417.661 3425.461 3429.324
2132.270 2265.179 3383.703 3418.607 3428.495 3442.993 3447.274
1676.344 2184.374 3396.837 3409.112 3417.585 3427.229 3430.730
1314.207 1381.142 3268.765 3414.981 3425.684 3438.386 3440.912
2308.765 3338.047 3384.934 3408.333 3418.870 3429.381 3430.338
2981.913 3383.608 3401.213 3414.022 3420.731 3431.534 3437.692
1557.086 1787.865 3274.571 3415.464 3427.866 3452.486 3459.662
1710.532 2171.384 3423.308 3437.784 3446.987 3460.279 3463.273
2227.366 2369.677 3405.918 3415.528 3428.472 3444.248 3449.309
3376.661 3385.276 3407.675 3411.511 3420.986 3434.655 3436.930
2383.912 2689.362 3396.330 3414.287 3426.609 3436.233 3438.911
2095.213 2281.448 3407.942 3421.320 3431.308 3445.539 3447.943
2331.997 3338.260 3422.214 3431.640 3448.083 3457.919 3459.025
3383.951 3391.932 3408.864 3419.876 3431.282 3442.152 3444.629
3362.081 3378.788 3412.874 3425.812 3431.676 3445.084 3448.209
2848.787 3040.856 3426.652 3437.275 3448.791 3455.789 3462.715
1618.243 2047.034 3438.276 3450.955 3458.562 3467.240 3469.729
1799.035 2066.121 3433.055 3449.525 3460.732 3469.820 3474.449
65.660 70.835 3432.130 3450.791 3463.496 3472.573 3477.062
70.516 1865.785 3436.657 3448.569 3457.088 3467.611 3474.947
2944.329 3422.386 3439.055 3450.147 3459.298 3468.358 3470.096
2493.475 3432.071 3449.547 3458.716 3463.653 3468.903 3472.879
1489.064 2062.366 3456.778 3462.406 3471.054 3480.857 3481.522
2196.134 3438.825 3459.735 3467.460 3473.914 3485.675 3489.518
1089.409 1250.394 3460.057 3462.923 3471.539 3488.147 3489.763
3447.823 3456.786 3472.955 3478.882 3480.795 3487.659 3490.292
2650.177 3155.728 3464.074 3473.940 3480.554 3486.050 3488.369
64.020 129.527 1646.395 2998.807 3470.715 3483.730 3486.446
2601.420 3450.058 3467.247 3472.917 3480.206 3486.290 3487.684
3438.700 3448.299 3459.202 3463.488 3467.197 3479.770 3484.150
1623.080 2143.075 3430.469 3460.678 3466.687 3475.525 3483.432
2503.088 3242.269 3445.484 3453.526 3460.404 3467.542 3472.839
3408.193 3423.767 3433.611 3444.116 3453.498 3458.560 3460.912
3437.198 3442.388 3448.261 3455.579 3461.444 3469.245 3472.252
3411.142 3440.204 3456.225 3462.800 3467.567 3473.977 3476.318
3431.654 3440.613 3447.651 3452.019 3457.316 3466.042 3470.709
3446.175 3447.832 3458.175 3462.656 3467.587 3474.597 3478.705
1189.253 1265.489 3272.546 3463.807 3472.938 3481.380 3482.385
3436.629 3456.005 3470.450 3478.685 3483.165 3485.875 3489.050
2516.837 3451.014 3467.316 3475.523 3481.100 3487.831 3489.648
2653.415 3454.713 3463.666 3470.258 3474.870 3481.129 3482.683
3447.254 3454.368 3461.311 3468.544 3474.183 3479.172 3482.123
3433.082 3444.177 3459.178 3466.388 3471.120 3481.152 3484.048
2526.975 3001.600 3471.439 3477.163 3483.956 3490.816 3493.499
2179.405 2406.672 3460.524 3479.977 3484.356 3497.832 3501.250
214.680 1398.669 2991.178 3471.520 3485.971 3491.273 3493.174
2478.139 3064.263 3471.785 3482.355 3489.222 3495.920 3497.573
3455.722 3459.239 3468.987 3473.936 3478.662 3482.197 3484.784
3459.485 3465.660 3475.025 3480.438 3483.812 3494.582 3498.520
1593.022 3460.340 3473.562 3480.299 3484.440 3491.275 3493.167
3461.947 3464.473 3474.265 3480.408 3484.317 3490.413 3493.075
3420.084 3437.355 3455.803 3466.203 3473.230 3484.253 3490.713
2456.741 2889.053 3473.840 3483.160 3490.253 3500.584 3503.862
1688.062 2350.519 3481.263 3488.632 3497.370 3504.934 3507.439
1624.206 1710.716 2790.827 3141.301 3492.142 3505.187 3510.146
1646.843 1940.975 3464.405 3488.270 3496.976 3502.373 3505.847
1642.400 1840.929 2346.711 3484.368 3493.909 3505.598 3506.745
2037.137 2585.668 3438.200 3478.460 3487.906 3495.713 3497.355
1918.030 2794.702 3438.946 3467.242 3481.155 3494.742 3497.095
204.973 451.815 3213.868 3446.092 3465.687 3481.636 3486.680
746.652 1775.746 3427.915 3457.283 3469.190 3479.799 3483.303
3193.475 3315.560 3423.541 3448.565 3457.991 3470.688 3477.345
2327.974 2749.191 3463.043 3471.046 3481.645 3490.673 3492.924
2593.557 3450.653 3465.071 3478.301 3487.858 3493.821 3497.649
1969.299 2698.991 3312.699 3433.768 3464.445 3488.585 3493.922
3134.872 3170.813 3366.781 3418.656 3461.071 3474.278 3477.120
3423.737 3429.983 3450.870 3455.805 3465.158 3473.984 3477.203
1932.538 2232.285 2958.483 3471.720 3485.616 3494.820 3499.245
1491.381 1885.713 2994.819 3481.728 3496.840 3501.692 3504.163
2790.283 3413.188 3483.035 3488.675 3492.805 3504.366 3508.079
3122.480 3416.810 3477.490 3484.389 3491.110 3494.124 3498.334
3422.020 3448.758 3474.753 3480.158 3483.840 3490.486 3493.650
3462.647 3474.683 3487.555 3491.157 3493.720 3498.952 3502.890
3179.552 3423.475 3484.422 3499.914 3505.361 3513.825 3515.236
2449.928 2867.848 3483.396 3498.494 3507.374 3512.500 3514.460
1869.488 3037.270 3493.066 3501.142 3509.909 3517.552 3522.621
1665.874 2379.280 3494.918 3504.745 3509.158 3518.759 3521.757
1607.955 1858.308 3491.409 3511.197 3516.188 3528.351 3529.533
3077.519 3447.557 3499.707 3508.468 3511.481 3518.878 3521.703
3440.868 3477.018 3487.928 3494.881 3501.074 3512.340 3514.769
468.902 1159.854 3435.827 3478.061 3491.335 3504.737 3508.546
3434.423 3465.730 3489.011 3494.408 3498.938 3508.579 3513.999
2303.973 2948.728 3497.213 3504.023 3509.988 3517.016 3518.854
36.024 37.314 52.160 2933.896 3512.664 3524.481 3526.910
1586.368 1762.233 3205.465 3498.315 3510.541 3523.286 3528.207
3290.590 3464.185 3494.901 3507.031 3509.153 3518.112 3520.770
1037.507 1050.025 2842.433 3483.489 3503.774 3512.811 3515.289
3433.116 3468.108 3488.626 3499.178 3506.701 3515.828 3518.324
1948.386 2783.228 3485.709 3495.334 3500.293 3514.688 3517.280
698.005 891.975 1923.490 3318.860 3490.604 3509.272 3515.459
1612.989 1943.981 2971.649 3483.886 3498.803 3516.784 3523.060
1876.784 2301.777 3489.643 3500.692 3508.154 3515.079 3517.718
3353.857 3478.679 3494.885 3502.546 3506.751 3517.397 3517.933
3486.360 3491.904 3502.873 3506.735 3511.416 3518.808 3523.448
45.823 49.582 3069.651 3486.636 3500.322 3511.205 3515.599
3150.128 3335.365 3492.890 3501.012 3506.466 3515.699 3522.771
3181.786 3320.406 3477.691 3492.162 3503.816 3512.593 3515.650
2012.737 2114.365 3314.161 3498.992 3506.187 3511.007 3514.399
1839.213 2050.373 2583.627 3487.824 3499.867 3509.879 3513.830
2950.187 3482.982 3494.280 3502.511 3508.709 3514.702 3517.073
3443.078 3467.778 3479.956 3493.288 3502.382 3514.766 3516.189
2918.080 3463.819 3484.747 3491.851 3497.897 3510.624 3517.810
858.890 905.723 3478.363 3487.956 3497.972 3505.417 3506.390
927.507 1005.905 3489.697 3495.279 3499.559 3506.896 3512.098
3369.160 3490.198 3497.693 3501.944 3507.077 3512.613 3513.765
3299.418 3428.013 3484.047 3492.266 3496.745 3503.172 3504.909
3457.406 3467.000 3476.411 3487.227 3493.678 3499.337 3507.696
3446.834 3457.032 3472.160 3474.717 3478.880 3486.240 3490.246
2066.069 2470.053 3488.167 3496.141 3498.312 3503.175 3505.025
2673.412 3269.204 3481.201 3488.141 3494.093 3500.054 3503.368
3134.456 3466.394 3478.991 3485.230 3490.116 3496.842 3497.754
3449.879 3460.265 3470.409 3479.660 3483.034 3489.732 3491.815
3430.330 3448.678 3461.961 3465.772 3471.026 3480.714 3482.279
3057.926 3479.976 3489.650 3495.103 3500.395 3507.037 3508.535
1023.287 1183.962 3453.700 3469.887 3479.767 3487.432 3489.814
2758.786 3234.524 3456.862 3469.576 3474.793 3486.331 3492.191
3079.925 3430.397 3454.033 3462.625 3470.815 3479.583 3486.648
2175.706 2675.577 3459.917 3472.795 3477.741 3485.598 3487.394
1964.811 2248.989 3386.107 3450.975 3461.718 3469.329 3476.992
2202.513 2541.231 3461.713 3468.655 3479.295 3490.733 3492.592
1955.567 2271.893 3427.327 3455.251 3462.029 3469.487 3472.995
2951.449 3315.120 3459.433 3471.579 3476.384 3488.418 3492.500
2204.108 2591.520 3467.708 3476.344 3482.110 3494.312 3495.817
2118.794 2599.734 3447.947 3473.049 3481.827 3490.633 3492.170
1755.087 2000.386 2568.864 3454.026 3475.501 3492.397 3494.921
601.297 755.306 2509.813 3414.118 3461.735 3473.737 3475.183
1730.032 1906.735 2659.737 3420.747 3449.585 3467.935 3469.931
2455.030 3081.495 3421.535 3453.526 3463.363 3476.135 3483.535
3397.605 3411.002 3439.648 3457.513 3466.386 3477.889 3480.797
2850.650 3330.450 3397.190 3418.849 3426.487 3442.253 3446.757
3313.850 3417.197 3435.885 3446.123 3455.368 3463.073 3464.587
3389.090 3435.181 3452.065 3459.725 3467.833 3476.497 3478.490
2132.186 2912.926 3469.522 3477.389 3485.234 3493.301 3497.339
1897.402 2105.411 3465.628 3484.427 3488.883 3496.412 3498.497
3253.376 3450.334 3470.110 3479.416 3482.145 3490.092 3491.412
3375.426 3441.088 3461.755 3467.356 3474.452 3481.601 3484.161
2725.804 3176.071 3469.024 3475.639 3480.106 3485.070 3487.696
1575.264 1651.609 1875.449 2567.842 3485.575 3498.615 3506.809
1594.276 2494.347 3497.011 3503.669 3509.871 3515.841 3518.061
3343.218 3479.900 3492.176 3497.496 3501.269 3508.573 3514.135
1333.300 1467.554 3472.153 3485.711 3490.607 3503.076 3505.903
1622.986 2715.940 3454.627 3475.824 3484.053 3496.269 3499.673
3107.601 3463.064 3485.896 3494.221 3500.141 3507.840 3509.823
3008.186 3454.374 3478.931 3491.327 3496.792 3508.350 3514.969
3487.818 3492.707 3501.285 3510.823 3515.304 3519.512 3521.894
3495.523 3499.550 3504.210 3506.428 3509.154 3513.390 3515.822
3501.669 3503.963 3509.118 3513.859 3517.864 3522.152 3525.712
2429.571 3489.444 3504.217 3512.466 3519.770 3524.858 3527.499
2229.327 3297.129 3506.913 3514.064 3518.606 3524.876 3527.001
3458.985 3498.167 3503.544 3508.792 3511.047 3518.226 3521.946
3493.551 3506.242 3511.899 3514.883 3519.301 3521.831 3522.729
3511.085 3511.467 3515.640 3518.841 3520.866 3525.528 3526.348
3501.808 3505.756 3511.579 3516.365 3520.270 3525.137 3526.061
3516.132 3519.218 3526.009 3530.184 3532.956 3538.795 3544.018
1650.774 1767.162 3060.239 3528.157 3533.989 3542.237 3545.726
1921.529 2457.382 3513.849 3524.820 3531.687 3541.266 3543.309
3513.513 3516.447 3521.908 3528.813 3532.901 3538.593 3539.008
3415.357 3513.545 3518.019 3525.491 3528.955 3539.097 3539.941
3159.398 3379.904 3496.485 3515.291 3519.505 3526.976 3528.910
2847.989 3168.379 3507.274 3518.472 3522.214 3529.305 3535.872
2213.688 3228.043 3498.136 3515.105 3523.754 3529.093 3534.921
3266.082 3322.646 3499.438 3507.183 3515.592 3523.515 3524.578
3182.740 3282.556 3439.374 3484.320 3506.463 3519.208 3520.590
3464.898 3499.731 3509.527 3515.030 3519.343 3524.360 3526.730
2298.714 3507.576 3515.581 3522.898 3528.343 3536.600 3537.036
2802.525 3514.630 3524.077 3530.399 3533.639 3538.794 3541.998
1986.347 3490.701 3515.184 3521.926 3527.214 3531.443 3532.819
3423.468 3508.160 3516.833 3522.870 3525.257 3532.798 3535.320
