675.223 693.811 708.204 732.870 771.833 821.509 850.087
672.266 684.220 720.092 747.999 787.377 881.038 926.976
720.920 737.652 798.003 850.874 889.618 1014.738 1060.809
769.312 803.599 877.007 965.729 1069.146 1275.886 1372.516
837.200 896.155 1047.723 1172.853 1300.010 1791.952 2186.082
881.361 932.528 1098.462 1257.705 1669.943 2347.731 2727.851
946.534 974.453 1187.049 1410.527 1756.958 2388.525 2732.067
861.865 911.036 1071.399 1191.889 1354.970 2206.431 2389.912
897.881 928.806 1255.792 1585.261 2013.659 2684.416 2729.191
913.441 971.646 1236.278 1333.499 1570.420 2038.450 2198.333
