10.431 6.703 3.114 62.859 10.431 400.000
12.794 11.218 2.514 94.499 12.794 398.000
19.437 22.181 2.495 204.917 19.437 398.000
25.461 24.290 3.229 127.161 25.461 396.000
40.204 36.968 4.542 228.965 40.204 395.000
62.808 45.484 3.620 232.876 62.808 391.000
76.648 42.185 5.021 243.083 76.648 386.000
107.242 50.188 6.133 302.755 107.242 383.000
130.262 64.499 10.887 297.479 130.262 375.000
169.963 74.295 8.056 378.564 169.963 370.000
203.498 69.850 20.835 325.929 203.498 361.000
228.806 58.485 38.379 343.036 228.806 353.000
255.098 57.419 8.727 376.236 255.098 347.000
273.234 51.690 71.074 373.184 273.234 341.000
296.576 50.533 60.037 384.535 296.576 337.000
320.272 44.254 69.675 408.783 320.272 331.000
327.860 40.933 85.305 440.251 327.860 326.000
348.027 39.897 70.909 424.492 348.027 324.000
370.014 51.515 104.318 554.790 370.014 319.000
407.951 67.583 174.312 687.137 407.951 314.000
469.673 120.098 99.337 898.183 469.673 305.000
603.560 218.983 172.631 1470.003 603.560 291.000
711.635 346.618 70.621 2170.684 711.635 260.000
815.999 395.056 196.630 2355.497 815.999 234.000
859.720 450.838 191.706 2733.751 859.720 210.000
865.252 397.338 208.480 2451.859 865.252 200.000
955.117 448.310 173.285 2497.024 955.117 199.000
1058.142 534.379 253.341 2745.249 1058.142 178.000
1006.237 447.172 231.986 2599.581 1006.237 154.000
1214.379 600.444 240.886 2802.385 1214.379 166.000
1221.094 564.854 255.570 2813.575 1221.094 117.000
1230.099 603.234 278.661 2868.587 1230.099 116.000
1185.479 498.876 446.670 2572.933 1185.479 113.000
1286.417 557.751 500.636 2716.825 1286.417 124.000
1489.213 599.291 246.979 2873.763 1489.213 100.000
1362.115 661.609 341.311 2922.354 1362.115 53.000
1232.273 547.586 288.032 2805.597 1232.273 83.000
1353.358 632.950 215.334 2735.079 1353.358 113.000
1408.159 612.370 252.950 2810.411 1408.159 85.000
1293.886 558.448 507.774 2687.087 1293.886 72.000
1261.102 558.032 217.001 2635.242 1261.102 99.000
1357.289 600.631 192.636 2912.221 1357.289 106.000
1333.152 627.714 252.942 2777.572 1333.152 84.000
1259.116 526.972 406.592 2643.401 1259.116 89.000
1331.682 571.328 396.520 2843.005 1331.682 107.000
1421.806 679.807 254.926 2914.938 1421.806 90.000
1526.970 703.517 200.507 2908.023 1526.970 69.000
1497.064 642.548 292.143 2859.216 1497.064 50.000
1359.367 572.566 293.905 2838.081 1359.367 51.000
1514.432 614.961 708.937 2958.608 1514.432 83.000
1544.053 634.609 434.710 2755.454 1544.053 50.000
1433.791 596.290 723.950 2985.948 1433.791 50.000
1486.328 668.436 277.307 2872.370 1486.328 66.000
1736.062 664.501 729.183 2949.746 1736.062 54.000
1618.407 707.297 687.241 2901.782 1618.407 50.000
1632.861 729.414 400.925 2885.489 1632.861 50.000
1482.457 730.239 283.440 3221.301 1482.457 50.000
1371.498 636.829 686.974 2918.619 1371.498 55.000
1732.854 736.852 433.789 2975.869 1732.854 80.000
1962.151 710.621 418.313 3070.367 1962.151 50.000
1674.159 681.308 644.844 2877.658 1674.159 50.000
2074.867 726.189 812.385 3054.614 2074.867 50.000
1701.487 707.976 665.255 3059.706 1701.487 50.000
1546.473 709.597 540.099 2975.014 1546.473 50.000
1715.646 766.198 678.976 3203.933 1715.646 50.000
1612.642 739.658 522.598 2997.791 1612.642 50.000
1653.872 684.494 742.974 2854.298 1653.872 50.000
1512.171 600.876 704.769 2884.478 1512.171 50.000
2020.137 733.950 786.881 3043.358 2020.137 50.000
1840.235 764.742 768.471 3117.705 1840.235 50.000
1948.152 771.720 742.437 2999.354 1948.152 50.000
1484.253 725.516 693.458 3017.106 1484.253 50.000
1428.981 671.911 301.033 2938.845 1428.981 54.000
1603.848 695.964 571.587 2980.692 1603.848 67.000
1534.705 599.609 801.956 2930.115 1534.705 50.000
1714.406 768.598 298.300 3061.009 1714.406 50.000
1315.240 585.535 741.188 2906.136 1315.240 50.000
1545.544 700.713 262.249 2946.914 1545.544 94.000
1883.277 786.614 265.112 3157.333 1883.277 50.000
1671.267 725.193 722.185 2942.595 1671.267 50.000
1656.294 740.370 718.389 2966.451 1656.294 50.000
1738.197 750.156 720.838 3018.489 1738.197 50.000
1508.918 685.174 452.585 2888.478 1508.918 50.000
1711.951 734.521 726.638 3065.426 1711.951 50.000
1843.231 755.369 396.100 3205.540 1843.231 50.000
1685.487 756.749 537.168 3201.091 1685.487 50.000
1654.061 696.017 261.620 2863.185 1654.061 50.000
1412.680 501.420 809.921 3002.331 1412.680 50.000
1638.779 720.806 301.096 3054.480 1638.779 71.000
1674.118 768.492 796.487 3202.233 1674.118 50.000
1562.352 693.371 730.629 2967.034 1562.352 50.000
